,X,Y
0,141.0,50.0
1,141.28445990843898,50.14656930268948
2,141.81814683456196,50.49980897328919
3,142.56441779939098,51.10369608778427
4,143.4879615825405,51.98996178192228
5,144.55649367129416,53.180860255892135
6,145.74225708060013,54.690948047098686
7,147.021297457045,56.529875918284446
8,148.33035432666875,58.63624011093748
9,149.69892016400505,61.07899010814882
10,151.03996944975495,63.7177752098935
11,152.2862354573227,66.40262549219625
12,152.2862354573227,66.40262549219625
13,153.3220054451561,68.83095424512564
14,154.17379504910338,70.98892886745263
15,154.86373621331003,72.86615586223328
16,155.41013619843423,74.45481789559857
17,155.85368626716718,75.82480451470366
18,156.22834930746993,77.04874389483288
19,156.54119475760933,78.12416368464851
20,156.79838936740114,79.04906958942695
21,157.0252598690295,79.89932236095486
22,157.20456000837396,80.59663969189613
23,157.3587396383441,81.21779075379835
24,157.4898491618837,81.76222651018952
25,157.59929444815154,82.22958261565275
26,157.70612783213767,82.69754268666956
27,157.79324885969726,83.08793982620438
28,157.86163684075132,83.40054674239042
29,157.928933203388,83.713390472671
30,157.97858614656377,83.94819802202575
31,158.0275831906148,84.18314331283675
32,158.05981036583975,84.33986411291451
33,158.09170923534649,84.49665206565385
34,158.12327965921094,84.65350648330607
35,158.15463104228974,84.81040482867354
36,158.17019718287574,84.8888758122742
37,158.18565374216135,84.9673684538086
38,158.20100069001325,85.04588260025133
39,158.21629282091502,85.12440744175059
40,158.23153012741352,85.20294294003432
41,158.24671260208223,85.28148905682525
42,158.26184023752143,85.36004575384096
43,158.27691302635805,85.43861299279388
44,158.27691302635805,85.43861299279388
45,158.27691302635805,85.43861299279388
46,158.3971306164446,85.64633331205462
47,158.3971306164446,85.64633331205462
48,158.3971306164446,85.64633331205462
49,158.64839745377012,85.84448723318775
50,158.90787251963647,86.03176427447595
51,158.90787251963647,86.03176427447595
52,158.90787251963647,86.03176427447595
53,159.21061983446128,86.1354178482994
54,159.21061983446128,86.1354178482994
55,159.82439121449914,86.31675921987912
56,160.73328244111275,86.62581704324688
57,161.88510644737067,87.18411934362535
58,163.22789117161443,88.05413611607156
59,164.71620808937442,89.26711293048699
60,166.2895875707593,90.86150215760722
61,167.89160317941506,92.8582860692069
62,169.50291208274905,95.24535197069278
63,171.04216989710227,97.86685638246716
64,172.43269132392672,100.57019693843529
65,172.43269132392672,100.57019693843529
66,173.4354517850973,103.44005258942418
67,174.2784883311362,106.36082121806338
68,175.05196514657092,109.30077591431042
69,175.76163905269254,112.25678047231943
70,176.4154708132242,115.22563614899354
71,177.01946947216132,118.20502964767783
72,177.57972459579042,121.19295772520033
73,177.57972459579042,121.19295772520033
74,178.10029821584916,124.18805423551497
75,178.5852894871402,127.18911795805928
76,179.03882767463045,130.19509585426678
77,179.41457616392114,133.21178494543872
78,179.70172186967673,136.23819326945355
79,179.95293005886532,139.26779628729014
80,180.17239912538878,142.29986378799643
81,180.17239912538878,142.29986378799643
82,180.38128296411915,145.33267890631754
83,180.59440120661225,148.3651994115601
84,180.81175343738317,151.39741939167018
85,181.03333923269253,154.42933293517981
86,181.25915816054757,157.46093413121838
87,181.48920978070268,160.4922170695242
88,181.7234936446605,163.52317584045608
89,181.7234936446605,163.52317584045608
90,181.9620092956726,166.55380453500484
91,182.20264066635306,169.58426597568422
92,182.445387639421,172.6145586854841
93,182.6902500965645,175.64468118747666
94,182.93722791844064,178.67463200481697
95,183.18632098467538,181.70440966074383
96,183.4375291738638,184.73401267858043
97,183.4375291738638,184.73401267858043
98,183.69085236357006,187.76343958173504
99,183.9462904303275,190.79268889370184
100,184.20384324963877,193.82175913806145
101,184.46139606895,196.85082938242104
102,184.7189488882612,199.87989962678063
103,184.9765017075724,202.90896987114027
104,185.2361691539093,205.9378595715607
105,185.2361691539093,205.9378595715607
106,185.49583660024612,208.9667492719811
107,185.75550404658298,211.9956389724015
108,186.0151714929198,215.0245286728219
109,186.2769534397235,218.05323635305908
110,186.53873538652726,221.08194403329622
111,186.80051733333096,224.1106517135334
112,187.06441365301225,227.139175897432
113,187.06441365301225,227.139175897432
114,187.30053141272705,229.84890806197285
115,187.51053975267888,232.23970217631032
116,187.69254698063708,234.31172374206943
117,187.84655309660172,236.06497275925025
118,187.9795583785712,237.57914236499732
119,188.09856310454387,238.93392569645525
120,188.2044017934437,240.12924915557915
121,188.29612865715688,241.16519615348653
122,188.38079960827673,242.12145492078565
123,189.0,249.0
