,X,Y
0,96.0,176.0
1,96.80236725759578,176.08050525568297
2,97.60473449705167,176.1610105095459
3,98.40710171820888,176.2415157615728
4,99.20946892090656,176.32202101174758
5,100.01183610498178,176.4025262600539
6,100.81420327026946,176.48303150647516
7,101.61657041660236,176.56353675099461
8,102.41893754381103,176.64404199359524
9,103.22130465172377,176.7245472342598
10,104.0236717401666,176.80505247297089
11,104.82603880896323,176.88555770971075
12,105.628405857935,176.9660629444615
13,106.4307728869008,177.04656817720496
14,107.23313989567713,177.12707340792272
15,108.03550688407798,177.2075786365961
16,108.83787385191478,177.28808386320623
17,109.64024079899642,177.36858908773385
18,110.44260772512911,177.44909431015958
19,111.24497463011642,177.5295995304637
20,112.04734151375918,177.61010474862624
21,112.84970837585546,177.6906099646269
22,113.65207521620047,177.77111517844517
23,113.65207521620047,177.77111517844517
24,114.54390166654919,178.03481002640044
25,115.43572808551752,178.29850486507718
26,116.32755447274336,178.5621996943683
27,117.21938082785826,178.82589451416487
28,118.11120715048735,179.08958932435607
29,119.00303344024914,179.3532841248291
30,119.89485969675542,179.6169789154691
31,120.78668591961099,179.8806736961593
32,121.67851210841363,180.14436846678075
33,122.57033826275382,180.40806322721235
34,123.46216438221464,180.67175797733086
35,124.35399046637154,180.9354527170107
36,125.24581651479217,181.19914744612404
37,126.13764252703619,181.46284216454072
38,127.02946850265509,181.7265368721281
39,127.92129444119195,181.99023156875106
40,128.81312034218124,182.253926254272
41,129.70494620514862,182.5176209285506
42,130.5967720296107,182.78131559144398
43,130.5967720296107,182.78131559144398
44,131.3395109012181,183.09534054965283
45,132.08224974669858,183.4093654968154
46,132.82498856576285,183.72339043280937
47,133.59536693901373,183.96169638957116
48,134.3657452840666,184.20000233761027
49,135.13612360059983,184.43830827682723
50,135.90650188828621,184.67661420712082
51,136.67688014679288,184.91492012838808
52,137.44725837578122,185.15322604052423
53,138.2176365749066,185.3915319434227
54,138.98801474381844,185.629837836975
55,139.75839288215982,185.8681437210708
56,140.52877098956756,186.10644959559767
57,141.2991490656719,186.34475546044126
58,142.0695271100965,186.58306131548517
59,142.83990512245808,186.8213671606108
60,143.61028310236645,187.0596729956975
61,144.3806610494242,187.2979788206223
62,145.1510389632266,187.53628463526002
63,145.9214168433614,187.77459043948312
64,146.69179468940868,188.0128962331617
65,147.4621725009405,188.25120201616343
66,147.4621725009405,188.25120201616343
67,148.20491071803124,188.56522669764706
68,148.94764890122454,188.8792513647991
69,149.69038705009262,189.19327601743865
70,150.43312516419962,189.50730065538144
71,151.17586324310136,189.8213252784397
72,151.91860128634517,190.13534988642203
73,152.66133929346967,190.44937447913338
74,153.4040772640045,190.76339905637485
75,154.17445474640533,191.0017047375644
76,154.94483218956316,191.24001040661472
77,155.71520959294924,191.47831606336217
78,156.485586956024,191.71662170763986
79,157.25596427823686,191.9549273392775
80,158.02634155902587,192.19323295810125
81,158.7967187978174,192.43153856393363
82,159.56709599402583,192.6698441565935
83,160.33747314705326,192.90814973589596
84,161.10785025628903,193.14645530165205
85,161.87822732110945,193.38476085366887
86,162.64860434087748,193.62306639174935
87,163.41898131494222,193.86137191569213
88,164.18935824263858,194.0996774252915
89,164.18935824263858,194.0996774252915
90,164.89703488247804,194.48628293564008
91,165.60471147956483,194.87288842263277
92,166.31238803329552,195.25949388593992
93,167.0200645430542,195.64609932522504
94,167.72774100821215,196.03270474014468
95,168.4354174281275,196.41931013034818
96,169.1430938021448,196.80591549547745
97,169.85077012959474,197.19252083516687
98,170.55844640979376,197.579126149043
99,171.2661226420436,197.96573143672435
100,171.97379882563092,198.35233669782127
101,172.68147495982691,198.73894193193556
102,173.38915104388684,199.12554713866038
103,174.09682707704957,199.51215231757996
104,174.80450305853714,199.89875746826925
105,175.51217898755425,200.28536259029383
106,176.21985486328782,200.67196768320946
107,176.92753068490643,201.05857274656196
108,177.6352064515598,201.44517777988682
109,178.34288216237826,201.83178278270893
110,179.0856184810983,202.1458066615743
111,179.8283547379835,202.45983051429633
112,179.8283547379835,202.45983051429633
113,180.05294189325392,203.03750273003394
114,180.20991381299407,203.4412583080219
115,180.36688572887104,203.8450138760731
116,180.52385764088658,204.24876943419213
117,180.68082954904284,204.6525249823845
118,180.83780145334234,205.05628052065674
119,181.1189375526914,205.60864538685405
120,181.62019873576705,206.24031378584584
121,182.00546874642632,206.72581495575383
122,182.5672872565315,207.30428495582274
123,183.23283099800668,207.75960792692734
124,183.94050617946394,208.1462126405581
125,184.68324193414696,208.46023628095244
126,185.45361708296073,208.69854124027896
127,186.36873966522086,208.86416287859652
128,187.28386213093665,209.02978449582153
129,188.19898447752942,209.19540609148729
130,189.11410670233388,209.36102766511144
131,190.02922880259436,209.52664921619524
132,190.94435077546052,209.69227074422284
133,191.85947261798304,209.85789224866045
134,192.77459432710907,210.02351372895555
135,193.6897158996771,210.18913518453598
136,194.60483733241202,210.354756614809
137,194.60483733241202,210.354756614809
138,195.51995862191936,210.52037801916026
139,196.43507976467959,210.68599939695278
140,197.35020075704182,210.85162074752583
141,198.2653215952172,211.01724207019367
142,199.18044227527187,211.18286336424435
143,200.0955627931195,211.3484846289383
144,201.01068314451328,211.51410586350696
145,201.92580332503735,211.67972706715108
146,202.84092333009784,211.84534823903928
147,203.75604315491307,212.01096937830616
148,204.67116279450318,212.17659048405042
149,205.58628224367905,212.34221155533297
150,206.50140149703043,212.5078325911746
151,207.41652054891313,212.67345359055383
152,208.3316393934354,212.83907455240433
153,209.2467580244432,213.00469547561235
154,210.16187643550438,213.17031635901375
155,211.07699461989174,213.33593720139106
156,211.9921125705646,213.50155800147002
157,212.9072302801491,213.66717875791608
158,212.9072302801491,213.66717875791608
159,213.82234774091683,213.83279946933052
160,214.73746494476168,213.9984201342463
161,215.6525818831749,214.16404075112345
162,216.56769854721787,214.32966131834425
163,217.4828149274928,214.49528183420784
164,218.39793101411058,214.6609022969245
165,219.313046796656,214.8265227046092
166,220.2281622641498,214.99214305527494
167,221.1432774050071,215.15776334682502
168,222.05839220699207,215.32338357704495
169,222.97350665716823,215.48900374359349
170,223.88862074184394,215.65462384399262
171,224.8037344465124,215.8202438756169
172,225.71884775578567,215.98586383568139
173,226.63396065332185,216.15148372122846
174,227.5490731217445,216.31710352911327
175,228.4641851425535,216.48272325598762
176,229.379296696026,216.648342898282
177,230.29440776110624,216.81396245218568
178,231.2095183152827,216.97958191362446
179,231.2095183152827,216.97958191362446
180,232.12462833445073,217.1452012782358
181,233.03973779275853,217.31082054134095
182,233.95484666243422,217.4764396979137
183,234.8699549135908,217.642058742545
184,235.78506251400574,217.80767766940315
185,236.7001694288713,217.97329647218848
186,237.61527562051018,218.1389151440821
187,238.53038104805125,218.30453367768698
188,239.4454856670582,218.4701520649609
189,240.36058942910222,218.63577029713912
190,241.27569228126924,218.80138836464505
191,242.1907941655882,218.96700625698693
192,243.10589501836552,219.1326239626373
193,244.02099476940637,219.2982414688921
194,244.93609334109865,219.4638587617048
195,245.85119064732984,219.6294758254906
196,246.76628659219864,219.7950926428929
197,247.68138106847292,219.96070919450457
198,248.59647395573162,220.12632545853143
199,249.5115651181094,220.29194141038414
200,250.42665440153752,220.4575570221789
201,250.42665440153752,220.4575570221789
202,251.34174163034032,220.62317226212136
203,252.25682660299663,220.78878709373964
204,253.17190908680857,220.9544014749194
205,254.086988811121,221.12001535667662
206,255.00206545859157,221.28562868157775
207,255.9171386537981,221.45124138167773
208,256.8322079481448,221.61685337578837
209,257.7472727995251,221.7824645657976
210,258.6623325443914,221.94807483161455
211,259.57738635855566,222.11368402407518
212,260.49243320078546,222.27929195473416
213,261.4074717292633,222.4448983807453
214,262.32250017357364,222.61050298169343
215,263.23751613042356,222.77610532262344
216,270.0,224.0
