,Runtime,Runtime normalised,Length,Length normalised,Difference,Suboptimality,Closest 1,Closest 2,Closest 3,Closest 4,Closest 5,Closest 6,Closest 7,Change 1,Change 2,Change 3,Change 4,Change 5,Change 6,Change 7,Closeness Mean,Course Variations Mean
0,12.84491831100604,0.07749723500441255,165.7467948408053,1.0000000000000002,0.0,4.654766748814593e-12,13.721223802068621,13.907627560079785,14.164923610913641,14.70018455915868,14.716488523614315,14.861626594784799,15.159331248063994,1.2090595191693865e-10,5.030642569181509e-12,4.064304448547773e-12,2.7569058147491887e-12,2.5011104298755527e-12,2.5011104298755527e-12,2.2168933355715126e-12,14.46162941409769,1.999670270639139e-11
1,10.647938819005503,0.07028027244714505,151.5067948408052,0.9999999999999997,26.478837621390994,5.331794855212668e-12,3.056622649044622,3.639116078160573,3.991437280640057,4.548516958663651,4.792276933460605,5.268295342381835,,1.2090595191693865e-10,4.064304448547773e-12,2.7569058147491887e-12,2.5011104298755527e-12,2.5011104298755527e-12,2.2168933355715126e-12,,4.216044207058558,2.249104606259304e-11
2,9.867823570006294,0.07218239284665658,136.7067948408053,0.9999999999999998,7.452517821356196,5.733553759951637e-12,1.849886201907273,1.9092709842761293,2.5093354176164575,2.716102375793226,3.3824768499131026,,,1.2090595191693865e-10,4.064304448547773e-12,2.7569058147491887e-12,2.5011104298755527e-12,2.5011104298755527e-12,,,2.4734143659012378,2.6545876607997343e-11
3,9.21236563999264,0.07556892667076359,121.90679484080535,1.0000000000000002,9.489204920866655,6.168357847570196e-12,0.8985268605902964,1.523177223369773,1.6558440691295635,2.1068383284092316,2.207765422518528,,,1.2090595191693865e-10,4.064304448547773e-12,2.7569058147491887e-12,2.5011104298755527e-12,2.5011104298755527e-12,,,1.6784303808034786,2.6545876607997343e-11
4,8.390810755998245,0.07834060171877665,107.10679484080526,1.0000000000000002,12.1758985414981,6.593332359471168e-12,15.307335362012415,15.503475983228158,15.677833530424362,15.876535369054112,,,,1.2090595191693865e-10,4.064304448547773e-12,2.7569058147491887e-12,2.5011104298755527e-12,,,,15.59129506117976,3.255706815252779e-11
5,7.585783364003873,0.08490269155731818,89.34679484080526,1.0000000000000002,19.541488689218284,7.10150568532244e-12,21.074415455976574,21.210433387063897,21.351877883575813,21.752176491630568,,,,1.2090595191693865e-10,4.064304448547773e-12,2.7569058147491887e-12,2.5011104298755527e-12,,,,21.347225804561713,3.255706815252779e-11
6,6.700706483999966,0.09360254916987137,71.58679484080524,1.0000000000000002,27.532595479344764,7.567916423964886e-12,29.517755175313088,30.26931027611382,30.26931027611382,,,,,1.2090595191693865e-10,4.064304448547773e-12,2.7569058147491887e-12,,,,,30.018791909180248,4.25757207267452e-11
7,5.864393748997827,0.10894933956855475,53.826794840805285,0.9999999999999999,40.48369958747986,7.923935730897786e-12,43.60516407029458,43.95840326352803,43.95840326352803,,,,,1.2090595191693865e-10,4.064304448547773e-12,2.7569058147491887e-12,,,,,43.84065686578354,4.25757207267452e-11
8,5.034282595006516,0.13958220067037472,36.06679484080526,0.9999999999999998,63.57045038893932,7.873543741531331e-12,59.6950129503779,59.83663647722139,,,,,,1.2090595191693865e-10,4.064304448547773e-12,,,,,,59.765824713799645,6.248512818274321e-11
9,3.7864319939981215,0.20865568973557092,18.146794840805264,1.0000000000000002,97.89623854155582,6.0165189994902186e-12,76.66261363173739,,,,,,,1.2090595191693865e-10,,,,,,,76.66261363173739,1.2090595191693865e-10
