,Runtime,Runtime normalised,Length,Length normalised,Difference,Suboptimality,Closest 1,Closest 2,Closest 3,Closest 4,Closest 5,Closest 6,Closest 7,Closest 8,Closest 9,Closest 10,Closest 11,Change 1,Change 2,Change 3,Change 4,Change 5,Change 6,Change 7,Change 8,Change 9,Change 10,Change 11,Closeness Mean,Course Variations Mean
0,23.424447844998213,0.11723219597512746,205.74933067669727,1.0297124617514637,0.0,4.223142154033062,10.865641706496515,10.965195891720171,11.21306475503238,11.28714526949885,11.290363621350023,11.326937870766267,11.459901222454402,11.641827953046484,11.659033873693696,11.711255298151642,11.756365317565638,148.2484679763272,133.8884679763271,133.7684679763341,116.84846797632899,114.40846797632805,95.16846797632792,6.2399999999996965,5.5600000000005565,4.959999999999894,4.400000000000389,4.279999999999433,11.379702979979642,69.79734616890667
1,20.735354687989457,0.11541929470385782,185.41044385363145,1.032050957522847,1.4459005976903114,4.188058280108312,9.993530099034366,10.27618202060478,10.313228422800332,10.524131279906547,10.582807533119524,10.932133866022705,10.937502002982496,11.011156849872004,11.119533917980059,11.242086157695141,,148.2484679763272,133.8884679763271,133.76846797632706,116.84846797632439,114.40846797632594,95.16846797632975,6.0800000000005525,5.439999999999557,5.079999999999956,4.880000000000635,,10.693229215001796,76.3810807857962
2,19.960943483994924,0.12329758531660262,167.65044385363137,1.0355670272291357,0.9130923337115959,4.444470011543494,9.993530099034366,10.27618202060478,10.313228422800332,10.524131279906547,10.582807533119524,10.932133866022705,10.937502002982496,11.011156849872004,11.119533917980059,11.242086157695141,,148.2484679763272,133.8884679763271,133.76846797632706,116.84846797632439,114.40846797632594,95.16846797632975,6.0800000000005525,5.439999999999557,5.079999999999956,4.880000000000635,,10.693229215001796,76.3810807857962
3,18.61446774500655,0.13140946545600765,147.45791908154013,1.0409841736655898,0.1505744163607119,4.914082733811832,9.959092558602553,10.26038577224766,10.261955293440014,10.49678250479781,10.538444429533536,10.89999520844717,10.932558967395373,11.001236525339666,11.098709894183472,,,148.24846797632452,133.88846797633076,133.7684679763234,116.84846797632439,114.40846797633016,95.16846797632792,6.119999999998868,5.480000000000587,5.040000000000958,,,10.605462350443027,84.33008976199574
4,8.031858932998148,0.0656098896275795,125.85810294367012,1.0280977681200816,14.948218361048141,6.849610355707348,11.292107927501718,11.328727408543704,11.504233988508583,11.713838028092963,,,,,,,,6.239999999999071,5.5600000000004,4.960000000000051,4.439999999999728,,,,,,,,11.459726838161743,5.299999999999812
5,6.325636661989847,0.06002751991969945,106.01810294367009,1.006065337982594,30.450809734398987,3.0052997392698177,11.425531502883091,11.438551928514565,11.499785651281663,11.538551482715436,,,,,,,,2.440000000000339,2.19999999999996,1.9599999999995248,1.7200000000007805,,,,,,,,11.475605141348687,2.080000000000151
6,5.323646466989885,0.0625019887190872,85.29810294367012,1.0014378492265381,10.132288487740087,1.2532004975846733,27.716356566511024,28.235701149761407,28.780431155826985,,,,,,,,,1.079999999999984,0.9599999999999653,0.8800000000001518,,,,,,,,,28.244162957366473,0.973333333333367
7,4.31056376399647,0.06677466956545568,64.5781029436701,1.0003752922632982,1.9521580921452113,0.5185374871386497,48.02754106583006,48.71470280292252,,,,,,,,,,0.5200000000000813,0.43999999999992667,,,,,,,,,,48.37112193437629,0.480000000000004
8,3.259298030010541,0.07432282599149977,43.85810294367007,1.0001104910891294,0.0828906732026411,0.209302636553034,73.24842046098304,,,,,,,,,,,0.26914187740999296,,,,,,,,,,,73.24842046098304,0.26914187740999296
9,2.3097863419970963,0.09982886860197114,23.138102943670066,1.0000278365423916,3.1508706828763753,0.0645311782032775,101.82777473240196,,,,,,,,,,,0.26914187740999296,,,,,,,,,,,101.82777473240196,0.26914187740999296
