,X,Y
0,141.0,50.0
1,141.43310487505119,51.95254197578615
2,142.01803895928253,53.86509318218677
3,142.48619409740024,55.809529030101004
4,142.23431730782818,57.79360515839721
5,143.4745217913943,59.36264717151943
6,143.70725925107945,61.349059332894626
7,142.74610747850613,63.102965621747956
8,143.50713252808498,64.9525171549347
9,144.18213617746926,66.83516690284796
10,145.05591863509005,68.63419558987721
11,146.00390756028048,70.39525123854827
12,146.47200137533025,72.33970184998384
13,146.47200137533025,72.33970184998384
14,146.52660228175603,74.33895639631294
15,147.44774661743224,76.11420091830183
16,149.33955121698,76.7631041138016
17,149.98653282754685,78.65556674106489
18,149.66218689648315,80.62909143485575
19,148.86485529998458,82.46328398887647
20,149.0466544501703,84.45500411705507
21,150.19849099538362,86.09001866534237
22,151.1040396703703,87.8732689554671
23,149.5063064455078,89.07628539017219
24,147.78558794042806,90.09566158485023
25,145.965387779112,90.9244386192479
26,145.965387779112,90.9244386192479
27,144.67470963504434,92.45223112100524
28,143.44473165005707,94.02930250697563
29,142.5418860904383,95.81392288550904
30,142.488289377942,97.81320460462956
31,141.09098271430503,99.24412531793115
32,141.7003857518198,101.14902109929761
33,143.25008053334193,102.41331777497265
34,143.84593731421182,104.32249421959256
35,142.9493272346224,106.11025549145705
36,144.2586699250652,107.62208276961547
37,144.136098126795,109.61832327473223
38,142.2331328734149,110.2337282181864
39,142.2331328734149,110.2337282181864
40,143.04147031409752,112.06309712083856
41,143.90716770013455,113.86603029647449
42,142.81681484939327,115.54267297184703
43,140.81739993829308,115.4942992881924
44,138.97166482110276,116.26453423752304
45,137.06101603116622,116.85565283942441
46,135.464931476242,118.06085576571206
47,135.2267725216078,120.04662521666239
48,134.4253794380977,121.8790468727509
49,133.01729674331045,123.29936483878544
50,133.83097835362128,125.12636298794763
51,134.4762009556756,127.01942605974375
52,134.4762009556756,127.01942605974375
53,135.20430182292012,128.88218453231013
54,135.7944300237781,130.79313945238334
55,137.0644750961227,132.33812667375878
56,136.34831704660724,134.20550923984274
57,137.18211774042652,136.02341363859057
58,138.3035760665067,137.67941219621832
59,137.26407561272026,139.38804873058655
60,138.06694028159768,141.21982609791814
61,138.3874704669273,143.1939741167588
62,137.12900846009722,144.74841079200974
63,136.30848850122243,146.5723480160084
64,136.36326155376616,148.5715978535012
65,137.79262416658537,149.9704983221103
66,137.79262416658537,149.9704983221103
67,136.88527498378573,151.75283315610557
68,136.53673829394666,153.72222955496386
69,135.74459974513525,155.55867081988004
70,136.2064542547365,157.50461285703352
71,136.05807825685554,159.49910140381758
72,137.07632121720474,161.2204907478357
73,138.02251041385557,162.98251401786968
74,139.04217684479624,164.70306055011247
75,139.27976887236935,166.68889791214235
76,138.37917112045034,168.47465368750431
77,137.35408139341837,170.19197458108636
78,138.17420066245109,172.0160920072849
79,138.17420066245109,172.0160920072849
80,138.74239232387424,173.93368378758885
81,140.68285176099027,174.41805675639205
82,142.5958321949762,175.00158555532767
83,144.5470203541836,175.44074926895735
84,146.1432674624324,176.64573689105453
85,147.35030832146504,178.24043196053515
86,148.36482658118814,179.96401912128113
87,150.06803731462333,181.01238604059483
88,151.28791213632883,182.5972852233093
89,152.00228671493096,184.46535078999773
90,153.2379814300831,186.0379469145463
91,155.1254224727645,186.69943486636544
92,155.1254224727645,186.69943486636544
93,153.5968175486389,185.40971901163653
94,152.28711352603398,186.92123327659488
95,151.98648191328073,188.8985093406318
96,152.2103437089927,190.88594132598894
97,152.34041572174885,192.88170716182674
98,153.71572696512703,194.33378119018676
99,154.73858477314468,196.0524323777688
100,155.9585722428733,197.63724485049397
101,157.04060905692324,199.31926635244952
102,157.91664768536748,201.11719747501058
103,159.0462642114237,202.76764181035196
104,160.8618785955831,203.60641735126478
105,161.886379191409,205.3240897674002
106,161.886379191409,205.3240897674002
107,163.68631150021213,206.1960093071093
108,164.82808557542273,207.83806654154932
109,166.26924321665535,209.22481260810832
110,166.99413214758874,211.08882334783334
111,168.97843986970202,210.838777624091
112,170.63949589306617,211.95273134271918
113,172.2233070671257,213.17401843629057
114,174.16136077521787,213.6679291818208
115,174.2555479747789,215.66571014364786
116,175.48372203408326,217.2441867763706
117,176.26698769775896,219.08442993967992
118,178.0682423666484,219.9536143952496
119,177.46452757673114,221.86032057409182
120,177.49534354942364,223.86008315395645
121,177.49534354942364,223.86008315395645
122,179.19341973652763,224.91674642235864
123,178.9529889736517,226.90224209051382
124,180.60637482604534,228.02754881452483
125,182.5333984895119,228.56288030102633
126,184.27830311879518,229.54027880455794
127,184.75792276221478,231.4819185748671
128,185.22862704642102,233.42573890525512
129,185.69933133062727,235.36955923564312
130,185.18918633056694,237.30340309669123
131,185.80874344517883,239.2050205613075
132,185.31784728544017,241.14384003726548
133,186.1666352333698,242.95479531541275
134,187.0154231812994,244.76575059356003
135,187.31444666511834,246.74327049387068
136,187.64765442434032,248.7153183100238
137,189.0,249.0
