,Runtime,Runtime normalised,Length,Length normalised,Difference,Suboptimality,Closest 1,Closest 2,Closest 3,Closest 4,Closest 5,Closest 6,Closest 7,Change 1,Change 2,Change 3,Change 4,Change 5,Change 6,Change 7,Closeness Mean,Course Variations Mean
0,12.756880002998514,0.0706755066335129,186.4652931082964,1.0330526787817793,0.0,10.328839029937587,12.19681022581736,12.3839746176396,12.608127300180383,12.73436538566823,12.858552128788245,13.13033390031576,13.164468503516096,11.959999999998832,9.519999999999772,7.159999999999087,4.480000000000118,3.9999999999990337,3.919999999999611,3.4800000000001994,12.725233151703668,6.3599999999995225
1,10.268163561006077,0.06206988335710178,166.5614856601024,1.0068452771797465,37.80486707049289,4.095283414474308,16.54792367161651,16.682492270787918,16.95784057271163,17.350841677520375,17.517396862893907,17.67970937602053,,3.1599999999995347,2.800000000000747,2.479999999999009,2.2000000000002053,1.9600000000004592,1.7199999999992954,,17.12270073859181,2.386666666666542
2,9.863044060009997,0.06639809873823303,157.53689582750079,1.0605397583571705,4.614854534790879,12.055819587085155,7.000769301326318,7.223662096225864,7.265585272455553,7.289073625387044,7.464024867777503,7.496570701212732,,7.560000000000155,7.120000000000367,6.640000000000285,6.200000000000053,5.879999999999839,5.239999999999554,,7.289947644064168,6.440000000000043
3,9.252233663995867,0.06906606425511254,137.75556521374355,1.02831760027586,6.409122879616575,6.976777976655689,11.826374342677695,12.161929269075078,12.331776204344994,13.068012490349751,13.263413515469239,,,7.199999999999747,5.360000000000213,5.1199999999995,4.119999999999525,3.680000000000252,,,12.530301164383351,5.095999999999847
4,8.061247660007211,0.06749815853231564,120.3184526838064,1.0074462832726339,17.82434437789493,3.424104368278246,7.035253792977136,7.170201597772528,7.407541956666444,7.474807919049119,,,,2.8799999999991,2.5599999999998175,2.240000000000375,1.9999999999995595,,,,7.271951316616307,2.419999999999713
5,6.7175360190012725,0.06563497790992959,114.87597456924718,1.1224178079442826,6.823007326010043,13.171409409326243,4.649207536760609,4.774572652682161,5.548229935154792,5.644083145619715,,,,11.96000000000052,11.959999999999852,7.840000000000288,7.759999999999792,,,,5.154023317554319,9.880000000000113
6,5.882015900002443,0.06687070238640953,94.14738881938521,1.0703306698297217,13.19119412153293,8.63784782684394,15.466689600776736,16.036811304110334,16.273738710048868,,,,,7.840000000000288,6.99999999999979,6.239999999999874,,,,,15.925746538311978,7.02666666666665
7,4.9405882349965395,0.06843389870518927,73.42738881938519,1.017069678678833,11.94218672747536,3.741132713933991,24.18874960059862,24.501580201398102,24.89094729998493,,,,,3.5600000000002194,3.199999999998834,2.8800000000009502,,,,,24.527092367327217,3.2133333333333347
8,3.7978519419993972,0.07663914738668506,49.74738881938521,1.0038825952294579,58.29682713097873,1.3540840818504758,42.586406129338194,42.782484670925214,,,,,,1.5999999999999162,1.4399999999992534,,,,,,42.68444540013171,1.5199999999995848
9,2.6979260460066143,0.10358817659752306,26.06738881938517,1.0008700128958794,100.08431956652942,0.4028268389222309,64.23958800616899,,,,,,,1.2304498695888704,,,,,,,64.23958800616899,1.2304498695888704
