,Runtime,Runtime normalised,Length,Length normalised,Difference,Suboptimality,Closest 1,Closest 2,Closest 3,Closest 4,Closest 5,Closest 6,Closest 7,Closest 8,Closest 9,Change 1,Change 2,Change 3,Change 4,Change 5,Change 6,Change 7,Change 8,Change 9,Closeness Mean,Course Variations Mean
0,4.1885797180002555,0.02527095454257959,181.88654074281058,1.0973759155795866,0.0,2.2717524112690612,11.545341943692925,11.545341943692925,11.545341943692925,11.854621580157803,11.854621580157803,12.122063776961648,12.122063776961648,12.334428467724516,12.334428467724516,106.9672434523502,79.75127651058216,77.51608600442734,74.75472080459772,60.61672441734453,57.243758917396065,55.97819137387239,53.82545190307525,51.22571520638485,11.91758372008519,68.65324095444784
1,4.018060453003272,0.027087115685889323,166.45507503848873,1.1221304225776068,14.20923388839276,2.2540400263461824,10.988070807392434,10.988070807392434,10.988070807392434,11.411112231528886,11.411112231528886,11.530132271032864,11.530132271032864,11.530132271032864,,90.31942489781375,88.48889713814577,85.92006371996376,68.9859562430629,68.45471315458636,67.42335198992816,62.95743460084087,62.77154564099642,,11.297104212291709,74.41517342316726
2,2.637422662002791,0.020194364669355865,146.01605310169407,1.1180238444134973,2.0970236892537173,3.7248794554774998,7.8818622486078125,7.8818622486078125,7.8818622486078125,7.8818622486078125,7.8818622486078125,8.668667224227054,8.668667224227054,,,148.9968670157922,77.98321090186732,72.59787750722091,65.45828966324365,63.30915627731895,58.81884716330143,56.75393229462725,,,8.10666367021331,77.70259726048167
3,2.240386828991177,0.019772332796015278,126.7758450088148,1.1188488369836824,8.443673132951517,1.2573879463814692,13.528409591230465,13.528409591230465,13.528409591230465,13.528409591230465,13.528409591230465,14.23998552030475,,,,90.21836253958594,78.52595338368508,74.06227479894983,71.02559509453317,70.00116935385995,68.72986719965775,,,,13.647005579409514,75.42720372837861
4,1.901579782985209,0.019570067331091966,108.31583963898863,1.1147301279313484,0.5175969603647559,2.397863929807733,27.02884632520232,27.02884632520232,27.02884632520232,27.02884632520232,27.02884632520232,,,,,122.28874403766764,88.3513259671139,81.92364839108546,61.96353610089187,61.935576660111906,,,,,27.028846325202316,83.29256623137415
5,1.8711946239927784,0.023192972500755756,89.22213370835294,1.1058852280908271,12.13203405323452,1.3737853918569092,27.32920141788652,27.32920141788652,27.32920141788652,27.32920141788652,,,,,,74.15098437209974,73.10778848253199,70.19227478341361,67.4586489721329,,,,,,27.32920141788652,71.22742415254456
6,2.124501700993278,0.03272786470717759,73.71142244650775,1.1355215484529997,2.236905159572075,1.5407420771475586,43.44294583278907,43.44294583278907,43.44294583278907,,,,,,,88.05740435985875,71.16257391266208,68.72366995732334,,,,,,,43.44294583278907,75.98121607661473
7,2.1415849800177966,0.044249458289604394,52.08741858117447,1.0762309585780208,10.223317346464171,1.5853798394786562,61.628908303616754,61.628908303616754,,,,,,,,145.60095619111283,59.15040367204068,,,,,,,,61.628908303616754,102.37567993157676
8,1.6535331270060851,0.04963536496178323,36.909520722529834,1.10794123305189,8.832206154823098,0.8589579939739044,72.2947654633677,72.2947654633677,,,,,,,,82.68174739613795,76.47337123146701,,,,,,,,72.2947654633677,79.57755931380248
9,1.122721948006074,0.06498979203214579,18.65269588651021,1.0797284480418847,0.6639977223692313,0.6911462369149795,91.48640480027612,,,,,,,,,53.43433927868489,,,,,,,,,91.48640480027612,53.43433927868489
