,X,Y
0,159.0,249.0
1,158.9341673242294,247.001083778944
2,160.8473971837808,246.41837329806947
3,160.41246507881954,244.4662375281821
4,160.21380375229376,242.47612856700857
5,158.4616967842137,241.5117006679901
6,157.96759523478454,239.57369559605354
7,158.27227056152913,237.597038583501
8,157.52137940873592,235.7433497000427
9,157.62279061410834,233.7459224128993
10,157.02033181976606,231.83881900691426
11,156.64258997447428,229.8748151631513
12,156.64258997447428,229.8748151631513
13,155.83209207371283,228.04640242176572
14,155.28552614886883,226.1225350433325
15,155.41107165865992,224.1264793514814
16,154.17012932298996,222.55802083448395
17,152.36233342241803,221.7025244979194
18,151.99038703187705,219.73741486164886
19,149.99124337369233,219.67889448964297
20,149.88541233793558,217.68169650449715
21,149.3310550530441,215.76005970200617
22,148.44753922796644,213.96579110816708
23,148.10590934686536,211.99518485009855
24,148.10590934686536,211.99518485009855
25,149.31246327969563,210.4001213381431
26,149.4070239923385,208.40235802092445
27,148.90412265104214,206.46661779018007
28,148.99320601675117,204.46860273669472
29,149.37678270826882,202.505730116853
30,149.4070505753068,200.5059591659126
31,150.6149763939552,198.9119343177241
32,149.93038007466907,197.0327515486407
33,149.63264275145423,195.05503759400392
34,149.08328887064442,193.13196445092296
35,149.4677624709558,191.16926731415845
36,149.4677624709558,191.16926731415845
37,149.34801161786322,189.172855599811
38,149.98035995920395,187.27545327684322
39,149.8498019447252,185.27971917510138
40,149.49695678872342,183.31109013541766
41,147.51769532225137,183.02382014509692
42,147.63230804526654,181.0271068647977
43,147.5312018243826,179.02966411665727
44,147.43009560349867,177.03222136851684
45,147.1930852859997,175.0463144952222
46,147.92259453969803,173.1841071359927
47,146.45209804075682,171.82851130883705
48,146.45209804075682,171.82851130883705
49,146.71029445529166,169.84524768250765
50,146.61722558395502,167.84741430977908
51,146.36179318346046,165.8637928013311
52,145.1431542796813,164.2779431167154
53,143.14651776054734,164.16200084461093
54,143.11826466309356,162.16220041394683
55,142.3306676251392,160.32380684732254
56,142.09766419530285,158.33742586632104
57,140.36018378391407,157.34688973874154
58,140.53982272396024,155.35497361319335
59,138.70956165245912,154.54865828396566
60,138.70956165245912,154.54865828396566
61,139.10930569183768,152.58901425940883
62,138.3846731352935,150.72490383939714
63,137.78944874599074,148.81553013936377
64,137.26768817562083,146.88478781911306
65,136.93332386165832,144.91293576950375
66,137.03631089803412,142.9155891119757
67,137.46873242105858,140.96289568329178
68,136.61758773558483,139.15304687071387
69,136.71578128798103,137.15545881851995
70,136.81397484037723,135.15787076632603
71,137.21890287367398,133.1992913607745
72,137.21890287367398,133.1992913607745
73,137.7066857740723,131.25968628703424
74,137.78844727808212,129.26135822176013
75,139.78337582190204,129.11902022594484
76,140.0879588805252,127.14234899369612
77,140.41002928790158,125.16845166792345
78,140.75722503638258,123.19881842484577
79,139.45558560321228,121.68035381017208
80,138.6801534059157,119.83679613345143
81,136.72735781259132,119.40483621552741
82,136.85220590291522,117.40873678054365
83,136.3761051927902,115.46623115279928
84,136.3761051927902,115.46623115279928
85,136.95533754287806,113.55194541534738
86,137.08236735485787,111.55598363543564
87,138.85442590323441,110.62872504090788
88,139.18379433557766,108.65603235430521
89,139.61634066012778,106.70336656694727
90,139.6651295649816,104.70396174481564
91,139.0299362731513,102.80750993102922
92,139.69618880796293,100.92174548130143
93,139.74738045570666,98.92240073484041
94,138.73453666963587,97.19782905902704
95,138.83042489743696,95.20012901953933
96,137.64360173009652,93.59033065655589
97,137.64360173009652,93.59033065655589
98,137.39308930436675,91.60608180004746
99,138.00660565611327,89.70250682486531
100,138.156970089713,87.70816720055146
101,139.1221881987858,85.95649542709677
102,138.46107856884157,84.06892183722138
103,139.38292014253557,82.29403927406136
104,140.33499325200648,80.53518828713206
105,139.36203515127067,78.7878038033356
106,139.08547796225469,76.80701706034594
107,138.11874700371436,75.05617975956673
108,138.42701152665688,73.08007931072942
109,138.42701152665688,73.08007931072942
110,136.6823948613344,72.10216689589927
111,135.0880280281466,70.89469250642722
112,135.63253479644368,68.97024131731419
113,136.8108924631457,67.35423599265576
114,137.28018983406764,65.41007551120217
115,137.8405334267727,63.49017575910196
116,137.88364094976885,61.490640377704295
117,138.2977671638174,59.533985201430795
118,138.67049998197035,57.56902457936434
119,139.25880303555732,55.65750698406467
120,139.8471060891443,53.74598938876497
121,140.43540914273115,51.83447179346527
122,141.0,50.0
