,Runtime,Runtime normalised,Length,Length normalised,Difference,Suboptimality,Closest 1,Closest 2,Closest 3,Closest 4,Closest 5,Closest 6,Closest 7,Closest 8,Closest 9,Closest 10,Change 1,Change 2,Change 3,Change 4,Change 5,Change 6,Change 7,Change 8,Change 9,Change 10,Closeness Mean,Course Variations Mean
0,2.344412424012262,0.012988484314818553,206.14379437060035,1.1420752647255719,0.0,2.865012407562611,10.515317512990357,10.515317512990357,10.812309171580116,10.812309171580116,10.812309171580116,10.88815382116747,10.88815382116747,10.989041671852135,10.989041671852135,11.203268119589897,90.65260140726025,79.77215968300227,78.24246991048341,78.05947957253463,70.49899186236982,70.38035984829267,69.40882322751881,69.12546209011418,68.54799861412202,66.19582818093185,10.842522164635017,74.08841743966299
1,2.1792510699815466,0.013317817598230308,190.76329007505268,1.165790732721477,4.0325517414776755,4.321797681671712,8.588761666705317,8.588761666705317,8.588761666705317,8.941371890806277,8.941371890806277,9.193168626189042,9.193168626189042,9.193168626189042,9.664365485140658,,95.29526166802287,92.36172975301363,89.30035239755759,85.29047175069883,82.47818036121424,78.55753544196419,73.62511823155987,72.96871546850736,71.24633711346425,,8.988100016159587,82.34707802066698
2,1.5777861140086316,0.010642265307263024,170.16695323803927,1.1477866656379556,0.06719775616045354,3.032164202800951,8.67841037051585,8.67841037051585,8.698522921336945,8.698522921336945,8.832541846318724,8.832541846318724,8.832541846318724,9.075422299866743,,,86.98190737967167,86.57338160203601,83.04512245578103,79.94953196851037,76.66241582763652,75.26479173405203,74.37654879086867,73.95564203790012,,,8.790864302816063,79.60116772455706
3,1.568190753001545,0.011917155908236589,152.29777494832464,1.1573568617611438,10.250502240052356,7.1362665258148406,8.861707738844174,8.861707738844174,9.024021952667864,9.024021952667864,9.082183653817436,9.082183653817436,9.082183653817436,,,,81.3706753399125,79.76135043401915,79.02021509714774,78.22556981250679,75.68400506110106,71.20027985991774,69.73128428596443,,,,9.00257290635377,76.42762569865279
4,1.3060320989898173,0.011329393488315855,131.05357918305756,1.1368461523766842,4.772257132366292,5.41553917843993,7.9208616888335115,7.9208616888335115,7.9208616888335115,7.9208616888335115,7.9208616888335115,8.056682133272307,,,,,80.01734062296859,76.92128194005161,74.64970949284861,71.16519199101057,68.19577659329836,57.99753092395296,,,,,7.94349842957331,71.49113859402179
5,1.294976746008615,0.013242217456492487,115.99512822698262,1.1861469455801448,21.401276355334744,5.932570987980698,7.675994932071755,7.675994932071755,7.675994932071755,7.675994932071755,7.675994932071755,,,,,,90.92044216114316,90.05925277590147,89.68039392437596,85.94572372570343,84.91597591491632,,,,,,7.675994932071755,88.30435770040806
6,1.129605148002156,0.013431548555211333,95.93822013277806,1.14075158412035,0.33713498760062066,2.7107265084089303,11.520628759809966,11.520628759809966,11.520628759809966,11.520628759809966,,,,,,,93.40866600952486,85.82736851602331,81.91594221562039,78.34826858449027,,,,,,,11.520628759809966,84.87506133141471
7,1.0610896529979073,0.016128238723534097,69.9036358211531,1.0625139195177604,26.870056474455794,1.0292969538605616,53.82348078440575,53.82348078440575,53.82348078440575,,,,,,,,81.63944569906798,60.077877407578356,59.559255004914405,,,,,,,,53.82348078440575,67.09219270385358
8,0.9039030109997839,0.019376632366178995,50.782129418353584,1.0885976045403347,2.0294450710763954,1.0282613154490108,92.56657445978482,92.56657445978482,,,,,,,,,109.72442969757293,80.90198354890552,,,,,,,,,92.56657445978482,95.31320662323922
9,0.728223039986915,0.028324057550758754,27.247028186900916,1.0597665166798274,13.488211912276824,0.9637823117598383,101.53324578678651,,,,,,,,,,53.584063650464664,,,,,,,,,,101.53324578678651,53.584063650464664
