,Runtime,Runtime normalised,Length,Length normalised,Difference,Suboptimality,Closest 1,Closest 2,Closest 3,Closest 4,Closest 5,Closest 6,Closest 7,Closest 8,Closest 9,Closest 10,Closest 11,Closest 12,Change 1,Change 2,Change 3,Change 4,Change 5,Change 6,Change 7,Change 8,Change 9,Change 10,Change 11,Change 12,Closeness Mean,Course Variations Mean
0,4.794198760995641,0.023419796271828747,253.5738708399866,1.2387155166045276,0.0,16.85991403879882,11.188237730444682,11.188237730444682,11.703404382412296,11.703404382412296,11.78457938738696,11.78457938738696,11.85464419881952,11.85464419881952,12.481741654482054,12.481741654482054,12.517746063728724,12.517746063728724,99.89718053033046,80.08101753626316,73.60293144390947,73.14984516723406,70.20007694017588,68.58079117967574,68.2752845608671,66.16164188309085,65.72625456634478,65.44319908381458,62.89515291466182,60.12220748890247,11.921725569545707,71.17796527460585
1,4.909918407996884,0.0270210509959094,230.38511903990863,1.2678923625567466,18.648641562344295,14.426655773774698,11.56992674632942,11.56992674632942,11.56992674632942,11.56992674632942,11.56992674632942,11.773188951588926,11.773188951588926,11.773188951588926,11.773188951588926,11.773188951588926,11.819498471653016,,87.043527063872,83.62538108680572,83.44775445594736,83.22847296362542,82.58186262770138,79.94383008159261,79.88098850071839,77.5870981306368,73.65709594649246,73.10211489769036,72.62121579889437,,11.685006996476794,79.70175832308882
2,3.9738071450046846,0.024255858782211644,202.0923206481402,1.2335583010797935,9.862924221701888,12.299602523834666,10.9194320925437,10.9194320925437,10.9194320925437,10.9194320925437,10.9194320925437,11.290044536491273,11.290044536491273,11.290044536491273,11.290044536491273,11.290044536491273,,,169.50599189194088,93.6866983482712,92.10830873304253,89.91779450328215,88.90822914963393,86.50899536050774,77.8162119611117,73.86144267432235,73.62719713812706,69.44217845086125,,,11.104738314517487,91.53830482111007
3,3.6471744589944137,0.02490643431497544,180.90432610493718,1.2353896875746946,4.466251478891678,9.698328460034373,9.98845857693484,9.98845857693484,9.98845857693484,9.98845857693484,9.98845857693484,10.442090027872494,10.442090027872494,10.442090027872494,10.442090027872494,,,,91.08679118456442,73.4376783751969,71.96771321322313,68.75868091162386,65.05564746074532,64.23241957449356,62.994659759714885,60.60156611004816,58.68520242286617,,,,10.190072555129355,68.53559544583071
4,2.8129226749952068,0.021052955702288684,159.62478338751052,1.1946910320421131,2.2804137177195685,5.827133395488529,12.7328933819659,12.7328933819659,12.7328933819659,12.7328933819659,12.7328933819659,12.855228839283704,12.855228839283704,12.855228839283704,,,,,87.70566045930896,87.11636427247511,85.32960258368857,84.77609143347365,84.27817514535484,73.81185320352179,70.93283060310284,67.62424741010113,,,,,12.778769178460077,80.19685313887837
5,2.11349042999791,0.01895752056372592,126.90588573991366,1.13831645718625,21.237113248203855,3.5240857427477206,12.845423661335333,12.845423661335333,12.845423661335333,12.845423661335333,12.845423661335333,12.855228839283704,,,,,,,76.49719365689529,67.19994783977755,60.805074249087866,60.61909849712678,56.74847258340584,56.145050027549374,,,,,,,12.847057857660062,63.00247280897378
6,1.6255231559989625,0.017621135589179736,102.56220727698562,1.1118036393905875,28.599214317786334,3.7518776936360525,12.273963972839187,12.273963972839187,12.273963972839187,12.273963972839187,12.273963972839187,,,,,,,,97.69046139105106,75.64401556218681,72.91637535297124,60.86330179326813,59.479565922195995,,,,,,,,12.273963972839187,73.31874400433465
7,1.0358171109910472,0.014606590423560353,82.27673644406224,1.1602266248293573,19.034973952002275,1.9291363389963352,13.14675484725332,13.14675484725332,13.14675484725332,13.14675484725332,,,,,,,,,89.24659456646373,87.07598814280152,81.64737718038968,70.77747256503774,,,,,,,,,13.14675484725332,82.18685811367317
8,1.0740933130000485,0.020893698440337376,59.66672267459003,1.1606612716022635,44.81678786415651,2.492607261389998,17.805784521492267,17.805784521492267,17.805784521492267,,,,,,,,,,85.13892229827803,81.80984723841563,77.9172137742095,,,,,,,,,,17.805784521492267,81.62199443696771
9,1.0705987510009436,0.038723463483199654,31.381984884365206,1.1350836572188086,52.92199384373677,1.4869904997554373,16.21763112071364,,,,,,,,,,,,68.52184074680676,,,,,,,,,,,,16.21763112071364,68.52184074680676
