,X,Y
0,266.0,210.0
1,265.0798067621564,210.1346624250503
2,264.15961355563917,210.26932484551622
3,263.23942038080384,210.40398726134578
4,262.319227238012,210.53864967248603
5,261.3990341276315,210.67331207888319
6,260.47884105003664,210.80797448048244
7,259.558648005608,210.9426368772281
8,258.6384549947331,211.07729926906345
9,257.71826201780607,211.21196165593082
10,256.7980690752282,211.34662403777148
11,255.87787616740786,211.48128641452567
12,254.95768329476073,211.61594878613258
13,254.03749045771,211.75061115253024
14,253.11729765668653,211.88527351365562
15,252.19710489212912,212.0199358694445
16,251.27691216448457,212.1545982198315
17,250.35671947420798,212.28926056475004
18,250.35671947420798,212.28926056475004
19,249.43652682176287,212.42392290413224
20,248.5163342076215,212.55858523790903
21,247.59614163226496,212.69324756600997
22,246.67594909618353,212.82790988836337
23,245.7557565998768,212.96257220489605
24,244.835564143854,213.09723451553353
25,243.91537172863409,213.23189682019986
26,242.99517935474628,213.3665591188176
27,242.07498702273003,213.5012214113078
28,241.15479473313547,213.63588369758992
29,240.23460248652364,213.7705459775819
30,239.3144102834668,213.90520825119995
31,238.39421812454867,214.0398705183587
32,237.47402601036484,214.17453277897096
33,236.553833941523,214.3091950329478
34,235.63364191864332,214.44385728019847
35,234.71344994235878,214.57851952063035
36,234.71344994235878,214.57851952063035
37,233.7932580133155,214.71318175414888
38,232.87306613217316,214.8478439806575
39,231.95287429960538,214.98250620005766
40,231.03268251630004,215.11716841224867
41,230.11249078295978,215.25183061712775
42,229.19229910030234,215.38649281458981
43,228.27210746906104,215.52115500452757
44,227.3519158899853,215.65581718683134
45,226.43172436384094,215.79047936138906
46,225.51153289141087,215.92514152808616
47,224.5913414734954,216.0598036868055
48,223.67115011091292,216.19446583742734
49,222.7509588045004,216.32912797982917
50,221.83076755511394,216.46379011388572
51,220.9105763636293,216.59845223946883
52,219.99038523094265,216.73311435644737
53,219.0701941579711,216.86777646468713
54,218.15000314565333,217.0024385640507
55,218.15000314565333,217.0024385640507
56,217.22981219495043,217.13710065439744
57,216.30962130684645,217.2717627355834
58,215.3894304823492,217.40642480746104
59,214.4692397224911,217.5410868698793
60,213.5490490283298,217.6757489226834
61,212.62885840094916,217.8104109657147
62,211.70866784146014,217.94507299881067
63,210.78847735100163,218.0797350218046
64,209.8682869307414,218.2143970345256
65,208.94809658187708,218.34905903679842
66,208.02790630563726,218.48372102844328
67,207.1077161032825,218.61838300927568
68,206.1875259761065,218.7530449791063
69,205.2673359254372,218.88770693774083
70,204.34714595263802,219.02236888497973
71,203.4269560591092,219.1570308206181
72,202.50676624628903,219.29169274444544
73,201.5865765156554,219.42635465624548
74,201.5865765156554,219.42635465624548
75,200.6663868687271,219.56101655579596
76,199.74619730706542,219.6956784428684
77,198.82600783227574,219.83034031722786
78,197.9058184460092,219.96500217863272
79,196.9856291499645,220.09966402683438
80,196.0654399458897,220.23432586157702
81,195.14525083558414,220.36898768259735
82,194.2250618209005,220.50364948962422
83,193.3048729037469,220.6383112823784
84,192.3846840860892,220.7729730605722
85,191.46449536995326,220.90763482390918
86,190.54430675742742,221.0422965720837
87,189.62411825066516,221.1769583047806
88,188.70392985188784,221.31162002167486
89,187.78374156338748,221.446281722431
90,186.8635533875299,221.58094340670283
91,185.94336532675783,221.7156050741329
92,185.0231773835944,221.85026672435194
93,185.0231773835944,221.85026672435194
94,184.1029895606466,221.98492835697846
95,183.18280186060903,222.1195899716181
96,182.262614286268,222.25425156786312
97,181.34242684050557,222.38891314529178
98,180.42223952630414,222.5235747034676
99,179.50205234675104,222.6582362419388
100,178.5818653050436,222.79289776023745
101,177.66167840449438,222.9275592578788
102,176.74149164853682,223.0622207343604
103,175.82130504073115,223.19688218916124
104,174.90111858477073,223.33154362174082
105,173.98093228448877,223.46620503153818
106,173.06074614386552,223.60086641797085
107,172.14056016703583,223.73552778043373
108,171.22037435829728,223.8701891182979
109,170.30018872211883,224.00485043090939
110,169.38000326315006,224.13951171758774
111,168.45981798623106,224.27417297762466
112,168.45981798623106,224.27417297762466
113,167.53963289640296,224.40883421028244
114,166.61944799891918,224.54349541479226
115,165.6992632992576,224.6781565903525
116,164.77907880313347,224.81281773612676
117,163.85889451651335,224.9474788512419
118,162.93871044563005,225.0821399347858
119,162.01852659699875,225.216800985805
120,161.09834297743427,225.35146200330226
121,160.17815959406974,225.48612298623365
122,159.25797645437675,225.6207839335058
123,158.3377935661871,225.75544484397258
124,157.41761093771635,225.89010571643172
125,156.4974285775893,226.02476654962103
126,155.57724649486758,226.15942734221446
127,154.65706469907974,226.29408809281756
128,153.73688320025383,226.42874879996282
129,152.81670200895297,226.5634094621044
130,151.89652113631408,226.69807007761253
131,151.89652113631408,226.69807007761253
132,150.97634059409017,226.83273064476725
133,150.05616039469675,226.96739116175166
134,149.13598055126246,227.10205162664448
135,148.2158010776848,227.23671203741193
136,147.29562198869135,227.37137239189877
137,146.37544329990726,227.5060326878184
138,145.4552650279296,227.64069292274195
139,144.53508719040985,227.7753530940863
140,143.61490980614488,227.9100131991007
141,142.6947328951785,228.04467323485187
142,141.77455647891412,228.17933319820764
143,140.85438058024053,228.31399308581842
144,139.9342052236727,228.44865289409665
145,139.01403043550948,228.58331261919372
146,138.09385624401105,228.71797225697398
147,137.17368267959878,228.85263180298554
148,136.25350977508157,228.98729125242707
149,135.33333756591225,229.12195060011038
150,135.33333756591225,229.12195060011038
151,134.41316609047948,229.2566098404176
152,133.49299539044122,229.39126896725247
153,132.57282551110677,229.52592797398435
154,131.65265650187627,229.66058685338393
155,130.73248841674845,229.79524559754898
156,129.81232131490978,229.92990419781805
157,128.8921552614208,230.0645626446701
158,127.97199032802024,230.19922092760677
159,127.05182659407113,230.33387903501395
160,126.13166414768106,230.46853695399787
161,125.21150308703575,230.60319467018988
162,124.29134352199699,230.7378521675126
163,123.37118557603043,230.87250942789797
164,122.45102938854819,231.00716643094415
165,121.53087511777862,231.1418231534958
166,120.61072294431179,231.2764795691251
167,119.69057307552153,231.41113564748463
168,118.77042575113725,231.5457913534921
169,118.77042575113725,231.5457913534921
170,117.85028125034425,231.68044664629107
171,116.93013990094457,231.81510147791053
172,116.01000209134038,231.94975579151114
173,115.08986828645212,232.08440951905575
174,114.16973904923026,232.21906257816138
175,113.24961507029822,232.3537148677612
176,112.32949720971568,232.48836626199278
177,111.4093865573391,232.62301660136498
178,110.48928452268822,232.7576656796066
179,109.56919297350187,232.89231322338995
180,108.64911445848482,233.02695885973392
181,102.0,234.0
