,X,Y
0,265.5,210.0
1,265.16902834008107,210.04858299595153
2,264.8380566801618,210.0971659919027
3,264.5070850202428,210.14574898785426
4,264.176113360324,210.19433198380577
5,264.176113360324,210.19433198380577
6,263.8451417004047,210.24291497975693
7,263.5141700404857,210.2914979757085
8,263.1831983805669,210.34008097166
9,262.8522267206476,210.38866396761117
10,262.8522267206476,210.38866396761117
11,262.5212550607287,210.43724696356273
12,262.19028340080985,210.48582995951426
13,261.8593117408905,210.53441295546546
14,261.5283400809716,210.582995951417
15,261.5283400809716,210.582995951417
16,261.19736842105266,210.63157894736855
17,260.8663967611334,210.68016194331966
18,260.5354251012145,210.72874493927128
19,260.2044534412957,210.77732793522276
20,260.2044534412957,210.77732793522276
21,259.87348178137637,210.8259109311739
22,259.5425101214574,210.87449392712546
23,259.2115384615385,210.923076923077
24,258.8805668016192,210.9716599190282
25,258.8805668016192,210.9716599190282
26,258.5495951417003,211.02024291497963
27,258.21862348178155,211.06882591093128
28,257.8876518218621,211.1174089068824
29,257.5566801619431,211.16599190283395
30,257.5566801619431,211.16599190283395
31,257.22570850202436,211.21457489878551
32,256.89473684210543,211.26315789473702
33,256.56376518218616,211.31174089068816
34,256.23279352226734,211.36032388663972
35,255.90182186234838,211.40890688259128
36,255.90182186234838,211.40890688259128
37,255.57085020242906,211.45748987854248
38,255.2398785425102,211.50607287449398
39,254.90890688259125,211.55465587044554
40,254.577935222672,211.60323886639668
41,254.577935222672,211.60323886639668
42,254.24696356275314,211.65182186234819
43,253.9159919028342,211.7004048582998
44,253.58502024291488,211.7489878542509
45,253.25404858299603,211.7975708502025
46,252.9230769230772,211.84615384615407
47,252.9230769230772,211.84615384615407
48,252.59210526315778,211.89473684210517
49,252.26113360323893,211.94331983805677
50,251.93016194332012,211.99190283400827
51,251.59919028340067,212.0404858299594
52,251.2682186234818,212.089068825911
53,251.2682186234818,212.089068825911
54,250.93724696356296,212.13765182186253
55,250.60627530364357,212.1862348178137
56,250.2753036437248,212.2348178137652
57,249.94433198380588,212.2834008097167
58,249.61336032388655,212.33198380566796
59,249.61336032388655,212.33198380566796
60,249.28238866396765,212.3805668016195
61,248.95141700404872,212.429149797571
62,248.62044534412945,212.47773279352214
63,248.2894736842105,212.52631578947367
64,247.95850202429165,212.57489878542532
65,247.95850202429165,212.57489878542532
66,247.62753036437238,212.6234817813764
67,247.2965587044534,212.67206477732793
68,246.96558704453454,212.7206477732794
69,246.63461538461527,212.76923076923072
70,246.30364372469637,212.81781376518217
71,246.30364372469637,212.81781376518217
72,245.97267206477747,212.86639676113376
73,245.64170040485817,212.91497975708486
74,245.31072874493924,212.96356275303646
75,244.9797570850204,213.01214574898796
76,244.64878542510107,213.06072874493918
77,244.64878542510107,213.06072874493918
78,244.31781376518214,213.1093117408907
79,243.98684210526326,213.1578947368422
80,243.655870445344,213.20647773279345
81,243.32489878542512,213.25506072874498
82,242.99392712550622,213.30364372469643
83,242.99392712550622,213.30364372469643
84,242.66295546558695,213.3522267206477
85,242.33198380566805,213.40080971659918
86,242.0010121457491,213.4493927125507
87,241.67004048582973,213.49797570850183
88,241.3390688259109,213.54655870445342
89,241.3390688259109,213.54655870445342
90,241.008097165992,213.5951417004049
91,240.67712550607266,213.64372469635603
92,240.34615384615384,213.69230769230774
93,240.01518218623494,213.74089068825924
94,239.6842105263156,213.7894736842104
95,239.6842105263156,213.7894736842104
96,239.35323886639674,213.83805668016194
97,239.02226720647784,213.88663967611342
98,238.69129554655856,213.93522267206458
99,238.36032388663966,213.98380566801617
100,238.02935222672076,214.03238866396765
101,238.02935222672076,214.03238866396765
102,237.69838056680135,214.08097165991884
103,237.3674089068826,214.12955465587046
104,237.0364372469637,214.17813765182197
105,236.7054655870443,214.22672064777313
106,236.37449392712554,214.27530364372473
107,236.37449392712554,214.27530364372473
108,236.04352226720664,214.32388663967618
109,235.71255060728728,214.37246963562734
110,235.3815789473683,214.42105263157887
111,235.0506072874495,214.46963562753047
112,234.71963562753015,214.51821862348157
113,234.71963562753015,214.51821862348157
114,234.38866396761125,214.56680161943305
115,234.0576923076924,214.61538461538473
116,233.72672064777308,214.66396761133583
117,233.39574898785415,214.7125506072874
118,233.06477732793527,214.761133603239
119,233.06477732793527,214.761133603239
120,232.73380566801592,214.8097165991901
121,232.40283400809705,214.85829959514163
122,232.07186234817829,214.90688259109322
123,231.74089068825887,214.95546558704436
124,231.40991902833997,215.00404858299586
125,231.40991902833997,215.00404858299586
126,231.07894736842098,215.05263157894737
127,230.74797570850183,215.10121457489862
128,230.4170040485829,215.1497975708501
129,230.08603238866397,215.1983805668016
130,229.7550607287447,215.24696356275288
131,229.7550607287447,215.24696356275288
132,229.42408906882574,215.29554655870433
133,229.09311740890686,215.34412955465584
134,228.76214574898765,215.39271255060703
135,228.43117408906878,215.44129554655862
136,228.10020242914982,215.48987854251007
137,228.10020242914982,215.48987854251007
138,227.76923076923052,215.53846153846132
139,227.43825910931162,215.58704453441283
140,227.1072874493927,215.63562753036436
141,226.77631578947347,215.68421052631558
142,226.44534412955457,215.7327935222671
143,226.44534412955457,215.7327935222671
144,226.11437246963567,215.78137651821868
145,225.78340080971634,215.82995951416981
146,225.45242914979752,215.87854251012138
147,225.12145748987854,215.92712550607288
148,224.79048582995958,215.97570850202442
149,224.79048582995958,215.97570850202442
150,224.45951417004068,216.0242914979759
151,224.12854251012143,216.0728744939271
152,223.79757085020222,216.1214574898783
153,223.46659919028357,216.17004048583013
154,223.13562753036436,216.21862348178138
155,223.13562753036436,216.21862348178138
156,222.8046558704451,216.26720647773263
157,222.4736842105265,216.31578947368442
158,222.14271255060726,216.36437246963564
159,221.81174089068801,216.41295546558686
160,221.48076923076943,216.46153846153862
161,221.48076923076943,216.46153846153862
162,221.14979757085018,216.5101214574899
163,220.818825910931,216.5587044534411
164,220.48785425101235,216.60728744939294
165,220.15688259109317,216.6558704453441
166,219.82591093117387,216.70445344129536
167,219.82591093117387,216.70445344129536
168,219.49493927125525,216.75303643724718
169,219.16396761133606,216.80161943319848
170,218.83299595141685,216.85020242914962
171,218.50202429149815,216.89878542510138
172,218.17105263157902,216.94736842105263
173,218.17105263157902,216.94736842105263
174,217.84008097165997,216.99595141700405
175,217.50910931174107,217.0445344129556
176,217.17813765182186,217.09311740890686
177,216.8471659919028,217.1417004048583
178,216.51619433198397,217.1902834008099
179,216.51619433198397,217.1902834008099
180,216.1852226720648,217.2388663967611
181,215.85425101214577,217.28744939271255
182,215.52327935222692,217.3360323886642
183,215.19230769230774,217.38461538461542
184,214.8613360323887,217.4331983805668
185,214.8613360323887,217.4331983805668
186,214.53036437246982,217.48178137651837
187,214.19939271255058,217.53036437246962
188,213.8684210526316,217.57894736842104
189,213.5374493927127,217.6275303643727
190,213.20647773279345,217.6761133603239
191,213.20647773279345,217.6761133603239
192,212.8755060728745,217.72469635627527
193,212.54453441295567,217.77327935222692
194,212.21356275303648,217.82186234817817
195,211.88259109311747,217.87044534412956
196,211.55161943319862,217.91902834008118
197,211.55161943319862,217.91902834008118
198,211.22064777327932,217.96761133603235
199,210.88967611336034,218.01619433198383
200,210.55870445344144,218.06477732793542
201,210.22773279352225,218.1133603238866
202,209.89676113360323,218.16194331983803
203,209.89676113360323,218.16194331983803
204,209.56578947368442,218.2105263157897
205,209.23481781376515,218.25910931174087
206,208.90384615384616,218.30769230769235
207,208.5728744939273,218.3562753036439
208,208.2419028340081,218.40485829959516
209,208.2419028340081,218.40485829959516
210,207.91093117408906,218.45344129554653
211,207.57995951417024,218.50202429149815
212,207.248987854251,218.55060728744942
213,206.91801619433195,218.59919028340082
214,206.58704453441314,218.6477732793524
215,206.58704453441314,218.6477732793524
216,206.25607287449373,218.6963562753035
217,205.92510121457488,218.7449392712551
218,205.59412955465606,218.7935222672067
219,205.26315789473665,218.8421052631577
220,204.93218623481783,218.89068825910934
221,204.93218623481783,218.89068825910934
222,204.601214574899,218.93927125506096
223,204.27024291497955,218.98785425101195
224,203.9392712550607,219.03643724696354
225,203.6082995951419,219.0850202429151
226,203.2773279352225,219.13360323886621
227,203.2773279352225,219.13360323886621
228,202.94635627530369,219.18218623481786
229,202.61538461538484,219.23076923076948
230,202.28441295546537,219.27935222672042
231,201.95344129554653,219.32793522267207
232,201.62246963562777,219.37651821862372
233,201.62246963562777,219.37651821862372
234,201.29149797570835,219.42510121457468
235,200.96052631578945,219.47368421052636
236,200.62955465587063,219.52226720647795
237,200.29858299595125,219.57085020242891
238,199.96761133603235,219.61943319838056
239,199.96761133603235,219.61943319838056
240,199.63663967611353,219.66801619433218
241,199.30566801619418,219.71659919028323
242,198.97469635627533,219.76518218623485
243,198.64372469635643,219.8137651821864
244,198.31275303643702,219.8623481781374
245,198.31275303643702,219.8623481781374
246,197.98178137651823,219.910931174089
247,197.65080971659935,219.9595141700407
248,197.31983805668,220.0080971659917
249,196.98886639676118,220.05668016194326
250,196.6578947368421,220.10526315789474
251,196.6578947368421,220.10526315789474
252,196.3269230769229,220.15384615384593
253,195.99595141700405,220.20242914979758
254,195.66497975708506,220.25101214574894
255,195.3340080971658,220.2995951417002
256,195.003036437247,220.34817813765181
257,195.003036437247,220.34817813765181
258,194.67206477732793,220.39676113360326
259,194.34109311740872,220.44534412955443
260,194.01012145748987,220.4939271255061
261,193.67914979757086,220.54251012145747
262,193.34817813765164,220.59109311740872
263,193.34817813765164,220.59109311740872
264,193.0172064777328,220.6396761133603
265,192.68623481781376,220.68825910931173
266,192.35526315789463,220.73684210526295
267,192.0242914979757,220.7854251012145
268,191.69331983805665,220.83400809716605
269,191.69331983805665,220.83400809716605
270,191.3623481781374,220.88259109311718
271,191.03137651821865,220.93117408906883
272,190.70040485829955,220.97975708502022
273,190.36943319838042,221.02834008097142
274,190.03846153846152,221.07692307692304
275,190.03846153846152,221.07692307692304
276,189.70748987854253,221.1255060728745
277,189.3765182186233,221.1740890688257
278,189.04554655870447,221.22267206477738
279,188.71457489878546,221.2712550607288
280,188.38360323886624,221.31983805667997
281,188.38360323886624,221.31983805667997
282,188.05263157894737,221.36842105263156
283,187.72165991902838,221.41700404858304
284,187.3906882591091,221.4655870445342
285,187.05971659919027,221.51417004048582
286,186.72874493927125,221.56275303643724
287,186.72874493927125,221.56275303643724
288,186.39777327935204,221.61133603238852
289,186.06680161943322,221.65991902834008
290,185.73582995951415,221.7085020242915
291,185.40485829959496,221.7570850202427
292,185.07388663967632,221.80566801619455
293,185.07388663967632,221.80566801619455
294,184.74291497975707,221.85425101214574
295,184.41194331983792,221.902834008097
296,184.08097165991924,221.95141700404872
297,183.75,222.0
298,183.41902834008104,222.0485829959514
299,183.41902834008104,222.0485829959514
300,183.0880566801619,222.09716599190284
301,182.7570850202429,222.14574898785426
302,182.42611336032385,222.19433198380568
303,182.09514170040487,222.2429149797571
304,181.76417004048588,222.29149797570852
305,181.76417004048588,222.29149797570852
306,181.43319838056684,222.34008097165992
307,181.1022267206478,222.38866396761136
308,180.77125506072875,222.43724696356276
309,180.44028340080973,222.48582995951415
310,180.1093117408907,222.53441295546557
311,180.1093117408907,222.53441295546557
312,179.77834008097167,222.582995951417
313,179.4473684210526,222.63157894736847
314,179.11639676113364,222.68016194331983
315,178.78542510121457,222.72874493927128
316,178.45445344129556,222.77732793522264
317,178.45445344129556,222.77732793522264
318,178.12348178137654,222.82591093117406
319,177.79251012145744,222.8744939271255
320,177.46153846153848,222.92307692307693
321,177.13056680161938,222.97165991902833
322,176.79959514170037,223.02024291497975
323,176.79959514170037,223.02024291497975
324,176.46862348178138,223.06882591093117
325,176.13765182186233,223.11740890688256
326,175.80668016194332,223.165991902834
327,175.4757085020243,223.2145748987855
328,175.14473684210526,223.26315789473682
329,175.14473684210526,223.26315789473682
330,174.8137651821862,223.3117408906882
331,174.4827935222672,223.3603238866397
332,174.15182186234819,223.4089068825911
333,173.82085020242914,223.4574898785425
334,173.48987854251013,223.50607287449398
335,173.48987854251013,223.50607287449398
336,173.15890688259108,223.55465587044532
337,172.82793522267204,223.60323886639685
338,172.49696356275305,223.65182186234824
339,172.16599190283398,223.7004048582996
340,171.83502024291496,223.748987854251
341,171.83502024291496,223.748987854251
342,171.50404858299595,223.79757085020242
343,171.1730769230769,223.84615384615387
344,170.84210526315792,223.89473684210523
345,170.51113360323887,223.94331983805665
346,170.18016194331986,223.9919028340081
347,170.18016194331986,223.9919028340081
348,169.84919028340082,224.04048582995955
349,169.51821862348177,224.0890688259109
350,169.18724696356276,224.13765182186233
351,168.85627530364368,224.18623481781373
352,168.52530364372467,224.2348178137652
353,168.52530364372467,224.2348178137652
354,168.19433198380568,224.2834008097166
355,167.8633603238866,224.33198380566802
356,167.53238866396762,224.38056680161947
357,167.20141700404858,224.42914979757086
358,166.87044534412956,224.47773279352225
359,166.87044534412956,224.47773279352225
360,166.53947368421058,224.52631578947367
361,166.20850202429153,224.57489878542512
362,165.87753036437246,224.6234817813765
363,165.54655870445345,224.67206477732793
364,165.21558704453443,224.72064777327935
365,165.21558704453443,224.72064777327935
366,164.88461538461536,224.76923076923077
367,164.55364372469637,224.8178137651822
368,164.22267206477733,224.86639676113361
369,163.89170040485828,224.91497975708504
370,163.56072874493927,224.96356275303643
371,163.56072874493927,224.96356275303643
372,163.22975708502028,225.01214574898785
373,162.89878542510118,225.0607287449393
374,162.5678137651822,225.1093117408907
375,162.23684210526315,225.15789473684208
376,161.90587044534414,225.20647773279353
377,161.90587044534414,225.20647773279353
378,161.57489878542512,225.25506072874498
379,161.2439271255061,225.30364372469634
380,160.91295546558706,225.3522267206478
381,160.581983805668,225.4008097165992
382,160.251012145749,225.4493927125506
383,160.251012145749,225.4493927125506
384,159.92004048582996,225.49797570850208
385,159.5890688259109,225.54655870445347
386,159.2580971659919,225.59514170040487
387,158.92712550607285,225.64372469635623
388,158.5961538461538,225.69230769230774
389,158.5961538461538,225.69230769230774
390,158.2651821862348,225.7408906882591
391,157.9342105263158,225.7894736842105
392,157.60323886639677,225.83805668016197
393,157.27226720647775,225.88663967611336
394,156.94129554655868,225.93522267206475
395,156.94129554655868,225.93522267206475
396,156.61032388663966,225.9838056680162
397,156.27935222672065,226.03238866396762
398,155.94838056680166,226.08097165991902
399,155.61740890688262,226.12955465587046
400,155.28643724696357,226.17813765182186
401,155.28643724696357,226.17813765182186
402,154.95546558704453,226.22672064777325
403,154.6244939271255,226.27530364372473
404,154.29352226720647,226.32388663967615
405,153.96255060728745,226.3724696356275
406,153.63157894736844,226.42105263157896
407,153.63157894736844,226.42105263157896
408,153.30060728744942,226.46963562753038
409,152.96963562753035,226.51821862348177
410,152.63866396761134,226.5668016194332
411,152.30769230769235,226.61538461538464
412,151.97672064777322,226.663967611336
413,151.97672064777322,226.663967611336
414,151.64574898785423,226.71255060728743
415,151.31477732793522,226.76113360323887
416,150.98380566801617,226.80971659919027
417,150.65283400809716,226.8582995951417
418,150.32186234817814,226.9068825910931
419,150.32186234817814,226.9068825910931
420,149.9908906882591,226.9554655870445
421,149.65991902834008,227.00404858299595
422,149.32894736842107,227.05263157894737
423,148.997975708502,227.10121457489876
424,148.66700404858298,227.1497975708502
425,148.66700404858298,227.1497975708502
426,148.336032388664,227.19838056680163
427,148.00506072874495,227.24696356275305
428,147.6740890688259,227.29554655870444
429,147.34311740890686,227.34412955465584
430,147.01214574898785,227.3927125506073
431,147.01214574898785,227.3927125506073
432,146.6811740890688,227.44129554655868
433,146.3502024291498,227.48987854251013
434,146.01923076923075,227.53846153846152
435,145.68825910931173,227.58704453441294
436,145.35728744939271,227.6356275303644
437,145.35728744939271,227.6356275303644
438,145.0263157894737,227.68421052631578
439,144.69534412955463,227.73279352226723
440,144.3643724696356,227.78137651821862
441,144.0334008097166,227.82995951417
442,143.70242914979755,227.87854251012146
443,143.70242914979755,227.87854251012146
444,143.37145748987854,227.92712550607288
445,143.04048582995952,227.97570850202428
446,142.70951417004048,228.02429149797567
447,142.37854251012143,228.07287449392712
448,142.04757085020242,228.12145748987857
449,142.04757085020242,228.12145748987857
450,141.71659919028338,228.17004048582993
451,141.3856275303644,228.21862348178135
452,141.05465587044534,228.2672064777328
453,140.7236842105263,228.31578947368422
454,140.39271255060729,228.36437246963558
455,140.39271255060729,228.36437246963558
456,140.06174089068824,228.41295546558703
457,139.73076923076923,228.46153846153845
458,139.3997975708502,228.5101214574899
459,139.0688259109312,228.5587044534413
460,138.73785425101215,228.60728744939274
461,138.73785425101215,228.60728744939274
462,138.4068825910931,228.65587044534414
463,138.0759109311741,228.7044534412955
464,137.74493927125505,228.75303643724698
465,137.41396761133603,228.80161943319837
466,137.082995951417,228.8502024291498
467,137.082995951417,228.8502024291498
468,136.75202429149797,228.8987854251012
469,136.42105263157896,228.94736842105263
470,136.09008097165992,228.99595141700408
471,135.75910931174087,229.04453441295547
472,135.42813765182186,229.0931174089069
473,135.42813765182186,229.0931174089069
474,135.09716599190284,229.1417004048583
475,134.7661943319838,229.1902834008097
476,134.43522267206478,229.23886639676115
477,134.10425101214577,229.28744939271255
478,133.7732793522267,229.336032388664
479,133.7732793522267,229.336032388664
480,133.44230769230768,229.38461538461536
481,133.11133603238866,229.4331983805668
482,132.78036437246962,229.48178137651823
483,132.44939271255063,229.53036437246965
484,132.11842105263156,229.57894736842104
485,132.11842105263156,229.57894736842104
486,131.78744939271255,229.62753036437246
487,131.45647773279353,229.67611336032388
488,131.1255060728745,229.72469635627527
489,130.79453441295547,229.77327935222678
490,130.46356275303646,229.82186234817814
491,130.46356275303646,229.82186234817814
492,130.1325910931174,229.87044534412956
493,129.80161943319837,229.91902834008096
494,129.47064777327935,229.96761133603243
495,129.1396761133603,230.0161943319838
496,128.8087044534413,230.06477732793525
497,128.8087044534413,230.06477732793525
498,128.47773279352225,230.11336032388664
499,128.14676113360323,230.16194331983803
500,127.81578947368423,230.2105263157895
501,127.48481781376518,230.25910931174087
502,127.15384615384615,230.30769230769232
503,127.15384615384615,230.30769230769232
504,126.82287449392713,230.3562753036437
505,126.4919028340081,230.4048582995951
506,126.16093117408907,230.45344129554658
507,125.82995951417004,230.50202429149795
508,125.498987854251,230.5506072874494
509,125.498987854251,230.5506072874494
510,125.16801619433197,230.5991902834008
511,124.83704453441297,230.64777327935224
512,124.50607287449394,230.69635627530366
513,124.1751012145749,230.74493927125508
514,123.84412955465585,230.79352226720647
515,123.84412955465585,230.79352226720647
516,123.51315789473682,230.8421052631579
517,123.18218623481779,230.8906882591093
518,122.85121457489878,230.93927125506073
519,122.52024291497975,230.98785425101212
520,122.18927125506072,231.0364372469636
521,122.18927125506072,231.0364372469636
522,121.8582995951417,231.085020242915
523,121.52732793522266,231.13360323886639
524,121.19635627530363,231.1821862348178
525,120.86538461538461,231.23076923076923
526,120.53441295546558,231.27935222672065
527,120.53441295546558,231.27935222672065
528,120.20344129554655,231.32793522267204
529,119.87246963562754,231.37651821862352
530,119.5414979757085,231.42510121457488
531,119.21052631578948,231.47368421052633
532,118.87955465587046,231.52226720647775
533,118.87955465587046,231.52226720647775
534,118.54858299595142,231.57085020242914
535,118.21761133603238,231.61943319838056
536,117.88663967611336,231.66801619433198
537,117.55566801619432,231.71659919028338
538,117.2246963562753,231.7651821862348
539,117.2246963562753,231.7651821862348
540,116.89372469635629,231.81376518218622
541,116.56275303643724,231.86234817813764
542,116.23178137651821,231.91093117408906
543,115.90080971659918,231.95951417004048
544,115.56983805668014,232.00809716599193
545,115.56983805668014,232.00809716599193
546,115.23886639676114,232.05668016194332
547,114.90789473684211,232.10526315789474
548,114.57692307692307,232.15384615384616
549,114.24595141700405,232.20242914979758
550,113.91497975708502,232.25101214574897
551,113.91497975708502,232.25101214574897
552,113.58400809716599,232.29959514170042
553,113.25303643724696,232.34817813765181
554,112.92206477732793,232.39676113360326
555,112.5910931174089,232.44534412955466
556,112.26012145748987,232.49392712550608
557,112.26012145748987,232.49392712550608
558,111.92914979757086,232.5425101214575
559,111.59817813765181,232.59109311740895
560,111.26720647773277,232.6396761133603
561,110.93623481781376,232.68825910931173
562,110.60526315789474,232.73684210526318
563,110.60526315789474,232.73684210526318
564,110.2742914979757,232.78542510121457
565,109.94331983805668,232.834008097166
566,109.61234817813764,232.8825910931174
567,109.28137651821862,232.9311740890688
568,108.95040485829959,232.97975708502022
569,108.95040485829959,232.97975708502022
570,108.61943319838056,233.02834008097165
571,108.28846153846152,233.07692307692307
572,107.9574898785425,233.1255060728745
573,107.62651821862347,233.1740890688259
574,107.29554655870444,233.22267206477733
575,107.29554655870444,233.22267206477733
576,106.96457489878543,233.27125506072875
577,106.63360323886639,233.31983805668017
578,106.30263157894737,233.3684210526316
579,105.97165991902834,233.417004048583
580,105.64068825910933,233.4655870445344
581,105.64068825910933,233.4655870445344
582,105.30971659919027,233.51417004048585
583,104.97874493927127,233.56275303643724
584,104.64777327935224,233.61133603238866
585,104.31680161943318,233.65991902834008
586,103.98582995951418,233.7085020242915
587,103.98582995951418,233.7085020242915
588,103.65485829959515,233.75708502024293
589,103.32388663967609,233.80566801619432
590,102.99291497975709,233.85425101214574
591,102.66194331983806,233.90283400809716
592,102.33097165991902,233.95141700404858
593,102.0,234.0
