,Runtime,Runtime normalised,Length,Length normalised,Difference,Suboptimality,Closest 1,Closest 2,Closest 3,Closest 4,Closest 5,Closest 6,Closest 7,Closest 8,Closest 9,Closest 10,Closest 11,Change 1,Change 2,Change 3,Change 4,Change 5,Change 6,Change 7,Change 8,Change 9,Change 10,Change 11,Closeness Mean,Course Variations Mean
0,2.405410165018111,0.012038342066029963,228.9803843464945,1.1459767790385798,0.0,6.655108694327504,7.608469156412194,7.608469156412194,7.6313008663320465,7.6313008663320465,7.7182451929208735,7.7182451929208735,7.726317650129264,7.726317650129264,7.795279383824887,7.795812819521851,7.924353036214563,88.85985571329508,88.47200498670293,85.62113580257665,81.23252645357968,74.94719825412376,72.93244452116274,68.6427963790714,68.25649381830492,66.5044090213696,66.47641711771072,65.77086894976361,7.716737361013642,75.24692281978737
1,1.5971655049943365,0.008845930470530282,200.38860602215402,1.1098559732322455,9.861319675185683,10.713539871415191,9.729750376122238,9.729750376122238,9.778670287828415,9.778670287828415,9.78333747579237,9.78333747579237,9.864691969014505,9.864691969014505,9.937773490517682,9.937773490517682,,87.2285071752434,85.29002300525482,78.20290041737961,77.60539843512996,70.81340635216623,68.6448833798457,67.19841285238282,65.43566580957561,65.09667300109163,61.89963401583786,,9.818844719855042,72.74155044439075
2,1.5359847419749713,0.009472560267303297,182.01870259691452,1.1225262094131683,14.273921209120388,4.3797093562212215,7.921591521512833,7.921591521512833,8.017792997950767,8.017792997950767,8.018945156694862,8.018945156694862,8.038546721997188,8.038546721997188,8.089685495239502,,,107.68349309582273,90.20680118422405,79.31748119867927,77.7111288807037,75.30793881245631,75.20221792871803,74.76276429972533,71.49484011332089,69.81782497962647,,,8.009270921283424,80.16716561036408
3,1.130255557000055,0.007992020774534635,163.54196014131972,1.1564028461197637,7.5344646704590446,6.849173621154635,7.721577342564756,7.721577342564756,7.721577342564756,7.721577342564756,7.721577342564756,7.90822739976586,7.90822739976586,7.90822739976586,,,,112.14345981674943,88.1290430022521,85.02696967824727,80.49830797114068,74.68499582182207,73.16666289105558,73.12351766560474,71.58030324119963,,,,7.79157111401517,82.29415751100893
4,0.8825035089976154,0.007236574610383377,138.2398892082366,1.1335742715888046,21.34812092969527,2.7001579945989564,7.9095364836038895,7.9095364836038895,7.9095364836038895,7.9095364836038895,7.9095364836038895,7.937349691659812,7.937349691659812,,,,,88.35321501254967,85.86721680559968,80.24164185516717,71.3774930808473,67.78471604565385,66.01399818919559,65.4657931032879,,,,,7.91748311447701,75.0148677274716
5,0.5827653160013142,0.005572768942211573,114.83490087893966,1.09812363833035,2.3280991781402918,5.252674301227571,10.981716772617608,10.981716772617608,10.981716772617608,10.981716772617608,10.981716772617608,,,,,,,63.31520456113802,61.10816601096032,60.353363258468775,60.192731259036236,57.846800202339395,,,,,,,10.981716772617608,60.56325305838855
6,0.3945207959986874,0.004736987601896087,93.88682017385963,1.1272934346064236,6.468598397610577,1.3380729941510028,35.11087886112485,35.11087886112485,35.11087886112485,35.11087886112485,,,,,,,,83.57591919060344,81.10593560824692,77.15911919291746,66.47205441650111,,,,,,,,35.11087886112485,77.07825710206723
7,0.4197387040112517,0.006395597199513397,72.00660446904058,1.0971712484162999,11.638118734821703,1.2926522519171004,64.30339250942106,64.30339250942106,64.30339250942106,,,,,,,,,126.38377703038906,73.05261033754752,64.90002647698506,,,,,,,,,64.30339250942106,88.1121379483072
8,0.32937555599346524,0.007533860624757521,47.93596840883653,1.0964471963187183,1.64916024317521,1.120787227917728,102.68835981518188,102.68835981518188,,,,,,,,,,82.655741971478,71.04384101890432,,,,,,,,,,102.68835981518188,76.84979149519116
9,0.365510659001302,0.015739128337200675,25.919387818324207,1.1161058131900536,2.0804338520608354,1.8027566478321704,141.2822921794143,,,,,,,,,,,68.66037442313255,,,,,,,,,,,141.2822921794143,68.66037442313255
