,X,Y
0,159.0,249.0
1,158.9324377687185,248.7082030789163
2,158.86487553743694,248.4164061578326
3,158.7973133061557,248.12460923674936
4,158.72975107487417,247.83281231566568
5,158.66218884359265,247.54101539458202
6,158.59462661231117,247.24921847349847
7,158.59462661231117,247.24921847349847
8,158.52706438103013,246.95742155241578
9,158.45950214974908,246.6656246313336
10,158.39193991846886,246.3738277102541
11,158.32437768719063,246.08203078918032
12,158.25681545591598,245.79023386811838
13,158.18925322464895,245.49843694707926
14,158.18925322464895,245.49843694707926
15,158.12169099339457,245.2066400260801
16,158.05412876216278,244.9148431051505
17,157.98656653096808,244.62304618433507
18,157.91900429983298,244.33124926370206
19,157.8514420687892,244.03945234334907
20,157.78387983788338,243.74765542341711
21,157.78387983788338,243.74765542341711
22,157.71631760718057,243.45585850410225
23,157.64875537676986,243.16406158567275
24,157.5811931467708,242.8722646684878
25,157.51363091734297,242.58046775302395
26,157.44606868869502,242.28867083990218
27,157.37850646109663,241.99687392992226
28,157.37850646109663,241.99687392992226
29,157.31094423489142,241.70507702409995
30,157.24338201051427,241.413280123715
31,157.17581978850882,241.12148323036124
32,157.10825756954847,240.82968634600587
33,157.040695354461,240.53788947305645
34,156.97313314425435,240.24609261443473
35,156.97313314425435,240.24609261443473
36,156.90557094014903,239.9542957736629
37,156.83800874361106,239.66249895495562
38,156.77044655639085,239.37070216332413
39,156.7028843805645,239.07890540468918
40,156.6353222185826,238.78710868600876
41,156.56776007332013,238.49531201541387
42,156.56776007332013,238.49531201541387
43,156.50019794813417,238.20351540235825
44,156.4326358469258,237.9117188577811
45,156.36507377420654,237.61992239428105
46,156.29751173517403,237.32812602630807
47,156.22994973578932,237.0363297703654
48,156.16238778286493,236.74453364522853
49,156.16238778286493,236.74453364522853
50,156.09482588415506,236.45273767217668
51,156.02726404845777,236.16094187524413
52,155.95970228571966,235.86914628148273
53,155.89214060715136,235.57735092124238
54,155.8245790253488,235.28555582846838
55,155.75701755442202,234.99376104101245
56,155.75701755442202,234.99376104101245
57,155.68945621013532,234.70196660096482
58,155.62189501005113,234.4101725549988
59,155.55433397368643,234.11837895473462
60,155.48677312267432,233.82658585711778
61,155.41921248093874,233.53479332481814
62,155.3516520748744,233.24300142664183
63,155.3516520748744,233.24300142664183
64,155.28409193353838,232.95121023796196
65,155.21653208884905,232.65941984116367
66,155.14897257579773,232.36763032610938
67,155.0814134326666,232.07584179061615
68,155.01385470125902,231.78405434095063
69,154.9462964271372,231.4922680923379
70,154.9462964271372,231.4922680923379
71,154.87873865987294,231.20048316948788
72,154.81118145330552,230.90869970713376
73,154.7436248658115,230.61691785058463
74,154.67606896058385,230.32513775629334
75,154.60851380592055,230.03335959243344
76,154.54095947552568,229.7415835394931
77,154.54095947552568,229.7415835394931
78,154.4734060488177,229.44980979087663
79,154.4058536112499,229.15803855351774
80,154.33830225463933,228.86627004850166
81,154.27075207750752,228.5745045116995
82,154.20320318542946,228.2827421944065
83,154.1356556913929,227.99098336398941
84,154.1356556913929,227.99098336398941
85,154.06810971616792,227.6992283045407
86,154.00056538868384,227.40747731753436
87,153.93302284641933,227.1157307224911
88,153.86548223579803,226.8239888576423
89,153.79794371259544,226.5322520805967
90,153.73040744235237,226.2405207690068
91,153.73040744235237,226.2405207690068
92,153.66287360080074,225.94879532123807
93,153.5953423742936,225.65707615703198
94,153.527813960246,225.3653637181681
95,153.46028856758255,225.07365846912202
96,153.39276641719212,224.7819608977146
97,153.3252477423918,224.49027151575882
98,153.3252477423918,224.49027151575882
99,153.25773278939585,224.1985908596943
100,153.19022181779076,223.9069194912118
101,153.12271510101957,223.61525799786986
102,153.05521292686907,223.3236069936952
103,152.98771559796376,223.03196711976986
104,152.92022343226492,222.74033904480373
105,152.92022343226492,222.74033904480373
106,152.85273676357474,222.44872346568917
107,152.7852559420431,222.15712110803548
108,152.71778133468155,221.8655327266877
109,152.6503133258775,221.57395910621983
110,152.58285231791217,221.28240106140493
111,152.51539873148343,220.99085943766545
112,152.51539873148343,220.99085943766545
113,152.44795300622738,220.6993351114923
114,152.38051560124396,220.40782899083987
115,152.31308699562268,220.11634201549083
116,152.24566768896915,219.82487515739194
117,152.17825820193121,219.53342942095657
118,152.11085907672665,219.24200584333676
119,152.11085907672665,219.24200584333676
120,152.0434708776678,218.9506054946592
121,151.9760941916849,218.6592294782244
122,151.90872962884967,218.36787893067304
123,151.84137782289392,218.07655502210963
124,151.77403943172655,217.7852589561895
125,151.7067151379465,217.4939919701637
126,151.7067151379465,217.4939919701637
127,151.63940564935103,217.2027553348812
128,151.57211169944125,216.91155035475177
129,151.5048340479203,216.6203783676599
130,151.43757348118712,216.32924074483668
131,151.37033081282215,216.03813889068283
132,151.30310688406956,215.7470742425477
133,151.30310688406956,215.7470742425477
134,151.23590256430833,215.45604827045727
135,151.1687187515175,215.16506247679337
136,151.10155637273226,214.8741183959244
137,151.03441638449044,214.58321759378208
138,150.967299773271,214.29236166739145
139,150.9002075559211,214.0015522443442
140,150.9002075559211,214.0015522443442
141,150.83314078007112,213.71079098221963
142,150.7661005245422,213.42007956795572
143,150.69908789973832,213.1294197171616
144,150.63210404802783,212.83881317337773
145,150.56515014411184,212.54826170728128
146,150.49822739537973,212.25776711583578
147,150.49822739537973,212.25776711583578
148,150.43133704224869,211.9673312213835
149,150.3644803584928,211.6769558706865
150,150.29765865155417,211.38664293390704
151,150.23087326283823,211.09639430353292
152,150.16412556799685,210.8062118932499
153,150.09741697719215,210.51609763675364
154,150.09741697719215,210.51609763675364
155,150.0307489353441,210.22605348650836
156,149.9641229223619,209.93608141244894
157,149.8975404533574,209.64618340062714
158,149.83100307883925,209.3563614518021
159,149.76451238489165,209.06661757997813
160,149.69806999333193,208.7769538108855
161,149.69806999333193,208.7769538108855
162,149.63167756184833,208.4873721804068
163,149.56533678412166,208.1978747329533
164,149.4990493899235,207.9084635197847
165,149.4328171451961,207.61914059727923
166,149.36664185211177,207.32990802515081
167,149.3005253491102,207.0407678646153
168,149.23446951091614,206.7517221765105
169,149.23446951091614,206.7517221765105
170,149.16847624853517,206.46277301936325
171,149.10254750922724,206.173922447411
172,149.03668527645831,205.88517250857575
173,148.9708915698319,205.59652524239505
174,148.90516844499518,205.30798267790502
175,148.8395179935251,205.01954683148392
176,148.7739423427899,204.73121970465135
177,148.7739423427899,204.73121970465135
178,148.70844365578944,204.44300328182933
179,148.6430241309711,204.15489952806297
180,148.57768600202374,203.86691038670597
181,148.5124315376474,203.57903777706767
182,148.44726304130018,203.2912835920288
183,148.38218285092236,203.00364969562378
184,148.31719333863504,202.71613792059074
185,148.31719333863504,202.71613792059074
186,148.25229691041832,202.42875006589608
187,148.18749600576254,202.1414878942289
188,148.12279309729863,201.8543531294715
189,148.05819069040461,201.5673474541472
190,147.99369132278716,201.28047250684668
191,147.9292975640412,200.99372987963304
192,147.86501201518578,200.70712111543313
193,147.86501201518578,200.70712111543313
194,147.80083730817714,200.42064770541162
195,147.73677610539724,200.13431108633097
196,147.6728310991215,199.84811263790397
197,147.60900501096154,199.56205368013428
198,147.5453005912867,199.27613547065187
199,147.48172061862286,198.99035920204548
200,147.41826789902814,198.70472599919043
201,147.41826789902814,198.70472599919043
202,147.35494526544795,198.41923691657937
203,147.29175557704718,198.1338929356555
204,147.22870171852085,197.8486949621481
205,147.1657865993836,197.56364382341917
206,147.1030131532394,197.27874026581776
207,147.04038433702812,196.9939849520474
208,146.97790313025345,196.70937845854633
209,146.97790313025345,196.70937845854633
210,146.9155725341912,196.42492127288824
211,146.85339557107596,196.14061379119863
212,146.79137528327055,195.8564563155961
213,146.72951473241548,195.57244905165618
214,146.66781699855932,195.28859210590173
215,146.60628517927287,195.0048854833247
216,146.544922388743,194.72132908493612
217,146.544922388743,194.72132908493612
218,146.48373175685208,194.43792270535357
219,146.42271642823798,194.15466603042182
220,146.36187956134034,193.87155863487538
221,146.30122432742866,193.58859998003936
222,146.2407539096166,193.3057894115761
223,146.18047150186135,193.02312615727712
224,146.1203803079474,192.74060932490187
225,146.1203803079474,192.74060932490187
226,146.06048354045865,192.45823790006898
227,146.00078441973525,192.1760107441996
228,145.9412861728189,191.89392659251465
229,145.88199203238645,191.6119840520918
230,145.82290523567073,191.33018159997994
231,145.76402902337142,191.04851758137548
232,145.70536663855523,190.7669902078633
233,145.70536663855523,190.7669902078633
234,145.64692132554708,190.4855975557236
235,145.58869632881016,190.20433756430486
236,145.5306948918204,189.92320803446904
237,145.47292025593032,189.64220662710716
238,145.4153756592272,189.36133086172856
239,145.35806433538522,189.08057811512717
240,145.30098951250906,188.7999456201235
241,145.30098951250906,188.7999456201235
242,145.24415441197561,188.51943046438737
243,145.18756224726843,188.23902958934062
244,145.13121622280946,187.95873978914236
245,145.07511953278666,187.6785577097587
246,145.01927535998047,187.39847984811908
247,144.96368687458644,187.1185025513578
248,144.90835723303746,186.83862201614514
249,144.90835723303746,186.83862201614514
250,144.85328957682614,186.5588342881101
251,144.79848703132555,186.27913526135106
252,144.74395270461247,185.9995206780421
253,144.68968968629096,185.7199861281316
254,144.63570104631788,185.4405270491347
255,144.58198983383252,185.1611387260233
256,144.528559075988,184.88181629121172
257,144.528559075988,184.88181629121172
258,144.47541177678815,184.60255472464024
259,144.42255091592847,184.32334885395647
260,144.36997944764298,184.04419335479764
261,144.3177002995568,183.76508275116964
262,144.2657163715461,183.48601141593
263,144.21403053460574,183.20697357136916
264,144.16264562972347,182.9279632898933
265,144.16264562972347,182.9279632898933
266,144.11156446676537,182.64897449481083
267,144.0607898233685,182.37000096121778
268,144.01032444384484,182.0910363169874
269,143.9601710380963,181.81207404386228
270,143.91033228054042,181.5331074786471
271,143.86081080904748,181.25412981450424
272,143.81160922389202,180.97513410235237
273,143.81160922389202,180.97513410235237
274,143.76273008671646,180.69611325236616
275,143.7141759195076,180.4170600355769
276,143.66594920359034,180.13796708557615
277,143.61805237863317,179.85882690031835
278,143.57048784167128,179.57963184402408
279,143.5232579461459,179.30037414918465
280,143.47636500095874,179.0210459186629
281,143.47636500095874,179.0210459186629
282,143.4298112695455,178.74163912789433
283,143.38359896896668,178.4621456271851
284,143.3377302690151,178.18255714410483
285,143.2922072913448,177.90286528597719
286,143.2470321086177,177.6230615424634
287,143.20220674367016,177.34313728823884
288,143.1577331686997,177.06308378576145
289,143.1577331686997,177.06308378576145
290,143.11361330447434,176.7828921881323
291,143.06984901955968,176.50255354204268
292,143.02644212957082,176.22205879081102
293,142.98339439644522,175.94139877750595
294,142.94070752773686,175.66056424815147
295,142.89838317593527,175.3795458550188
296,142.85642293780626,175.09833415999546
297,142.85642293780626,175.09833415999546
298,142.81482835375698,174.8169196380371
299,142.77360090722445,174.53529268069354
300,142.73274202408962,174.2534435997137
301,142.69225307211374,173.97136263072048
302,142.65213536040224,173.68903993695932
303,142.61239013889198,173.40646561311615
304,142.57301859786452,173.1236296891995
305,142.57301859786452,173.1236296891995
306,142.53402186748545,172.840522134491
307,142.4954010173694,172.55713286155571
308,142.4571570561705,172.2734517303131
309,142.41929093120117,171.98946855216656
310,142.38180352807572,171.7051730941871
311,142.34469567038093,171.42055508334883
312,142.3079681193748,171.13560421081647
313,142.3079681193748,171.13560421081647
314,142.27162157371114,170.85031013627918
315,142.2356566691915,170.5646624923275
316,142.20007397854505,170.27865088887557
317,142.1648740112352,169.99226491761942
318,142.1300572132937,169.7054941565327
319,142.09562396718323,169.41832817439757
320,142.06157459168588,169.13075653536322
321,142.06157459168588,169.13075653536322
322,142.02790934182102,168.84276880353494
323,141.99462840878965,168.55435454758688
324,141.96173191994626,168.26550334539627
325,141.92921993879878,167.97620478869683
326,141.89709246503637,167.68644848774954
327,141.8653494345835,167.39622407602377
328,141.83399071968194,167.10552121488985
329,141.83399071968194,167.10552121488985
330,141.80301612900098,166.8143295983188
331,141.77242540777343,166.522638957584
332,141.74221823795918,166.2304390659654
333,141.71239423843684,165.9377197434504
334,141.68295296521922,165.64447086142812
335,141.6538939116991,165.35068234737736
336,141.6252165089181,165.05634418954017
337,141.6252165089181,165.05634418954017
338,141.59692012586422,164.76144644158262
339,141.56900406979338,164.46597922723566
340,141.54146758657862,164.1699327449173
341,141.51430986108272,163.87329727232742
342,141.48753001755807,163.57606317101843
343,141.46112712007016,163.27822089093388
344,141.43510017294597,162.97976097491312
345,141.43510017294597,162.97976097491312
346,141.40944812124684,162.68067406316104
347,141.3841698512654,162.38095089767742
348,141.35926419104632,162.08058232664402
349,141.33472991093012,161.77955930876635
350,141.3105657241199,161.47787291756651
351,141.28677028727083,161.1755143456258
352,141.28677028727083,161.1755143456258
353,141.26334220110218,160.87247490877203
354,141.24028001103068,160.5687460502107
355,141.21758220782542,160.26431934459546
356,141.195247228284,159.95918650203703
357,141.17327345592864,159.65333937204588
358,141.1516592217234,159.3467699474072
359,141.1516592217234,159.3467699474072
360,141.13040280481002,159.03947036798527
361,141.10950243326351,158.7314329244547
362,141.08895628486664,158.42265006195512
363,141.06876248790206,158.11311438366843
364,141.04891912196254,157.80281865431513
365,141.0294242187788,157.4917558035665
366,141.0294242187788,157.4917558035665
367,141.01027576306325,157.179918929373
368,140.9914716933708,156.86730130120307
369,140.97300990297467,156.5538963631935
370,140.95488824075787,156.2396977372067
371,140.9371045121189,155.9246992257941
372,140.91965647989207,155.6088948150631
373,140.91965647989207,155.6088948150631
374,140.90254186528068,155.29227867744646
375,140.88575834880356,154.97484517437064
376,140.86930357125394,154.65658885882303
377,140.8531751346703,154.33750447781523
378,140.83737060331794,154.01758697474105
379,140.82188750468208,153.69683149162776
380,140.82188750468208,153.69683149162776
381,140.8067233304702,153.37523337127877
382,140.7918755376244,153.05278815930643
383,140.77734154934274,152.72949160605384
384,140.76311875610838,152.40533966840445
385,140.74920451672702,152.08032851147686
386,140.73559615937145,151.75445451020627
387,140.73559615937145,151.75445451020627
388,140.7222909826321,151.42771425080915
389,140.70928625657402,151.10010453213135
390,140.69657922379938,150.771622366879
391,140.68416710051417,150.44226498273034
392,140.67204707759936,150.11202982332892
393,140.6602163216858,149.78091454915688
394,140.6602163216858,149.78091454915688
395,140.64867197623167,149.44891703828816
396,140.63741116260263,149.11603538702096
397,140.62643098115362,148.78226791038927
398,140.6157285123118,148.4476131425529
399,140.6053008176601,148.11206983706666
400,140.59514494102118,147.77563696702754
401,140.59514494102118,147.77563696702754
402,140.58525790953982,147.43831372510044
403,140.57563673476534,147.100099523423
404,140.5662784137317,146.76099399338867
405,140.557179930035,146.42099698530947
406,140.5483382549089,146.08010856795778
407,140.5397503482959,145.73832902798813
408,140.5397503482959,145.73832902798813
409,140.53141315991508,145.3956588692397
410,140.52332363032528,145.05209881191988
411,140.51547869198285,144.7076497916694
412,140.5078752702943,144.36231295851076
413,140.5005102846625,144.01608967567913
414,140.49338064952624,143.66898151833908
415,140.49338064952624,143.66898151833908
416,140.48648327539289,143.320990272186
417,140.47981506986292,142.97211793193446
418,140.47337293864666,142.62236669969496
419,140.46715378657217,142.2717389832393
420,140.4611545185842,141.92023739415714
421,140.45537204073315,141.56786474590498
422,140.45537204073315,141.56786474590498
423,140.44980326115441,141.21462405174793
424,140.44444509103664,140.86051852259777
425,140.43929444557955,140.50555156474772
426,140.43434824493997,140.14972677750617
427,140.4296034151663,139.7930479507308
428,140.42505688912047,139.4355190622658
429,140.42505688912047,139.4355190622658
430,140.42070560738736,139.07714427528353
431,140.4165465191713,138.71792793553288
432,140.41257658317878,138.35787456849664
433,140.40879276848796,137.9969888764599
434,140.4051920554033,137.63527573549115
435,140.4051920554033,137.63527573549115
436,140.40177143629626,137.2727401923403
437,140.3985279164311,136.9093874612537
438,140.3954585147751,136.54522292070973
439,140.39256026479376,136.18025211007827
440,140.3898302152301,135.8144807262044
441,140.3898302152301,135.8144807262044
442,140.3872654308679,135.4479146199212
443,140.3848629932787,135.08055979249318
444,140.3826200015519,134.71242239199293
445,140.38053357300856,134.34350870961427
446,140.37860084389763,133.97382517592433
447,140.37860084389763,133.97382517592433
448,140.37681897007553,133.60337835705778
449,140.37518512766724,133.23217495085524
450,140.3736965137109,132.86022178295002
451,140.37235034678363,132.48752580280498
452,140.37114386760973,132.11409407970314
453,140.37114386760973,132.11409407970314
454,140.37007433965073,131.73993379869492
455,140.36913904967676,131.3650522565046
456,140.36833530832004,130.98945685740006
457,140.36766045060926,130.6131551090275
458,140.3671118364855,130.2361546182155
459,140.3671118364855,130.2361546182155
460,140.36668685129936,129.85846308675056
461,140.3663829062896,129.48008830712803
462,140.3661974390421,129.1010381582808
463,140.36612791393074,128.72132060128942
464,140.3661718225387,128.34094367507663
465,140.3661718225387,128.34094367507663
466,140.36632668406108,127.95991549208924
467,140.3665900456882,127.5782442339709
468,140.3669594829706,127.19593814722865
469,140.36743260016377,126.813005538896
470,140.36800703055542,126.42945477219655
471,140.36800703055542,126.42945477219655
472,140.36868043677268,126.04529426221052
473,140.369450511071,125.66053247154754
474,140.37031497560406,125.27517790602883
475,140.37127158267515,124.88923911038157
476,140.37231811496954,124.50272466394864
477,140.37231811496954,124.50272466394864
478,140.3734523857687,124.11564317641742
479,140.37467223914607,123.72800328356905
480,140.37597555014423,123.33981364305272
481,140.37736022493442,122.95108293018684
482,140.37882420095744,122.5618198337907
483,140.37882420095744,122.5618198337907
484,140.3803654470472,122.17203305204889
485,140.38198196353665,121.78173128841163
486,140.38367178234557,121.39092324753366
487,140.38543296705203,120.99961763125445
488,140.3872636129458,120.60782313462242
489,140.3872636129458,120.60782313462242
490,140.38916184706545,120.21554844196555
491,140.3911258282187,119.82280222301155
492,140.39315374698614,119.42959312905928
493,140.39524382570906,119.03592978920472
494,140.39739431846087,118.64182080662314
495,140.39739431846087,118.64182080662314
496,140.39960351100342,118.24727475491049
497,140.40186972072735,117.8523001744856
498,140.4041912965775,117.45690556905623
499,140.40656661896367,117.0610994021502
500,140.4089940996563,116.66489009371459
501,140.4089940996563,116.66489009371459
502,140.4114721816684,116.26828601678406
503,140.41399933912297,115.87129549422123
504,140.416574077107,115.47392679553029
505,140.4191949315124,115.07618813374582
506,140.42186046886314,114.67808766239853
507,140.42186046886314,114.67808766239853
508,140.42456928613038,114.27963347255965
509,140.4273200105348,113.88083358996559
510,140.43011129933703,113.48169597222392
511,140.43294183961638,113.08222850610258
512,140.43581034803788,112.68243900490326
513,140.43581034803788,112.68243900490326
514,140.438715570609,112.28233520592057
515,140.4416562824251,111.88192476798764
516,140.44463128740452,111.48121526910958
517,140.44763941801435,111.08021420418565
518,140.45067953498582,110.67892898282106
519,140.45067953498582,110.67892898282106
520,140.45375052702113,110.27736692722914
521,140.45685131049098,109.87553527022449
522,140.45998082912388,109.47344115330813
523,140.4631380536872,109.07109162484461
524,140.46632198166049,108.66849363833194
525,140.46632198166049,108.66849363833194
526,140.4695316369014,108.26565405076454
527,140.4727660693046,107.86257962108947
528,140.47602435445435,107.45927700875599
529,140.47930559327023,107.0557527723589
530,140.4826089116473,106.65201336837534
531,140.4826089116473,106.65201336837534
532,140.48593346009113,106.24806514999464
533,140.48927841334665,105.84391436604207
534,140.49264297002338,105.43956715999488
535,140.49602635221538,105.0350295690914
536,140.49942780511765,104.63030752353212
537,140.49942780511765,104.63030752353212
538,140.5028465966384,104.22540684577224
539,140.50628201700846,103.8203332499054
540,140.5097333783872,103.41509234113762
541,140.51320001446632,103.0096896153506
542,140.51668128007088,102.60413045875377
543,140.51668128007088,102.60413045875377
544,140.52017655075878,102.19842014762393
545,140.52368522241835,101.79256384813152
546,140.52720671086485,101.38656661625235
547,140.53074045143586,100.98043339776376
548,140.53428589858638,100.57416902832367
549,140.53428589858638,100.57416902832367
550,140.5378425254832,100.16777823363134
551,140.54140982359957,99.76126562966881
552,140.5449873023103,99.35463572302064
553,140.5485744884872,98.94789291127134
554,140.55217092609553,98.54104148347812
555,140.55217092609553,98.54104148347812
556,140.55577617579203,98.13408562071817
557,140.559389814524,97.72702939670758
558,140.5630114351302,97.31987677849128
559,140.56664064594432,96.91263162720126
560,140.5702770704001,96.50529769888159
561,140.5702770704001,96.50529769888159
562,140.5739203466395,96.09787864537846
563,140.5775701271235,95.6903780152925
564,140.58122607824603,95.28279925499238
565,140.58488787995114,94.8751457096865
566,140.58855522535387,94.46742062455162
567,140.58855522535387,94.46742062455162
568,140.59222782036463,94.05962714591547
569,140.59590538331773,93.65176832249168
570,140.59958764460407,93.24384710666439
571,140.60327434630798,92.83586635582078
572,140.60696524184885,92.42782883372853
573,140.60696524184885,92.42782883372853
574,140.6106600956274,92.01973721195638
575,140.6143586826768,91.61159407133562
576,140.61806078831884,91.20340190345934
577,140.62176620782535,90.7951631122182
578,140.6254747460849,90.38688001536917
579,140.6254747460849,90.38688001536917
580,140.62918621727505,89.97855484613595
581,140.63290044454018,89.57018975483753
582,140.6366172596751,89.16178681054384
583,140.64033650281414,88.75334800275483
584,140.64405802212687,88.34487524310127
585,140.64405802212687,88.34487524310127
586,140.64778167351912,87.93637036706484
587,140.65150732034053,87.52783513571494
588,140.65523483309818,87.11927123746018
589,140.65896408917624,86.71068028981178
590,140.66269497256246,86.30206384115694
591,140.66269497256246,86.30206384115694
592,140.66642737358052,85.89342337253962
593,140.67016118862878,85.4847602994469
594,140.6738963199258,85.07607597359805
595,140.67763267526206,84.66737168473463
596,140.68137016775827,84.25864866240912
597,140.6851087156299,83.84990807777042
598,140.6851087156299,83.84990807777042
599,140.6888482419585,83.44115104534343
600,140.69258867446942,83.03237862480138
601,140.69632994531582,82.62359182272843
602,140.70007199086925,82.21479159437071
603,140.70381475151672,81.80597884537427
604,140.70755817146383,81.39715443350758
605,140.70755817146383,81.39715443350758
606,140.71130219854473,80.98831917036702
607,140.71504678403772,80.57947382306362
608,140.71879188248798,80.17061911588978
609,140.72253745153523,79.7617557319636
610,140.72628345174886,79.35288431484992
611,140.73002984646803,78.94400547015633
612,140.73002984646803,78.94400547015633
613,140.7337766016483,78.53511976710308
614,140.7375236857138,78.12622774006513
615,140.74127106941566,77.71732989008521
616,140.74501872569553,77.30842668635714
617,140.74876662955512,76.8995185676777
618,140.75251475793112,76.49060594386658
619,140.75251475793112,76.49060594386658
620,140.75626308957544,76.08168919715303
621,140.76001160494093,75.67276868352855
622,140.763760286072,75.26384473406489
623,140.76750911650052,74.85491765619662
624,140.77125808114647,74.44598773496755
625,140.7750071662238,74.03705523424057
626,140.7750071662238,74.03705523424057
627,140.77875635915024,73.62812039787026
628,140.78250564846266,73.21918345083833
629,140.78625502373586,72.81024460035094
630,140.79000447550644,72.40130403689824
631,140.79375399520046,71.99236193527581
632,140.79750357506538,71.5834184555676
633,140.79750357506538,71.5834184555676
634,140.8012532081055,71.17447374409103
635,140.80500288802176,70.7655279343038
636,140.80875260915474,70.35658114767269
637,140.81250236643132,69.94763349450469
638,140.81625215531474,69.53868507474088
639,140.82000197175793,69.12973597871303
640,140.82000197175793,69.12973597871303
641,140.8237518121598,68.72078628786369
642,140.82750167332472,68.3118360754303
643,140.8312515524246,67.90288540709352
644,140.83500144696396,67.49393434159104
645,140.83875135474742,67.08498293129682
646,140.84250127384968,66.67603122276718
647,140.84250127384968,66.67603122276718
648,140.84625120258778,66.26707925725391
649,140.85000113949565,65.85812707118593
650,140.85375108330095,65.44917469661979
651,140.85750103290337,65.0402221616602
652,140.86125098735536,64.63126949085154
653,140.8650009458441,64.22231670554146
654,140.8650009458441,64.22231670554146
655,140.86875090767558,63.81336382421745
656,140.87250087225993,63.40441086281742
657,140.87625083909828,62.9954578350156
658,140.88000080777064,62.586504752484515
659,140.88375077792574,62.17755162513467
660,140.88750074927123,61.76859846133258
661,140.88750074927123,61.76859846133258
662,140.89125072156537,61.35964526809851
663,140.8950006946096,60.95069205128499
664,140.8987506682419,60.54173881573756
665,140.90250064233115,60.13278556543837
666,140.906250616772,59.723832303634104
667,140.9100005914806,59.31487903294927
668,140.9100005914806,59.31487903294927
669,140.91375056639083,58.90592575548591
670,140.91750054145098,58.49697247291094
671,140.9212505166212,58.08801918653191
672,140.925000491871,57.67906589736246
673,140.9287504671775,57.270112606178195
674,140.93250044252363,56.8611593135643
675,140.93250044252363,56.8611593135643
676,140.936250417897,56.4522060199554
677,140.9400003932886,56.043252725668694
678,140.9437503686922,55.63429943093119
679,140.94750034410342,55.22534613590194
680,140.95125031951937,54.816392840689566
681,140.95500029493815,54.40743954536627
682,140.95500029493815,54.40743954536627
683,140.9587502703585,53.998486249978484
684,140.96250024577978,53.5895329545549
685,140.96625022120148,53.18057965911258
686,140.9700001966234,52.7716263636611
687,140.9737501720454,52.36267306820551
688,140.9775001474675,51.95371977274824
689,140.9775001474675,51.95371977274824
690,140.98125012288958,51.544766477290366
691,140.98500009831167,51.135813181832326
692,140.98875007373377,50.726859886374264
693,140.9925000491558,50.31790659091618
694,140.99625002457793,49.90895329545809
695,141.0,49.5
