,Runtime,Runtime normalised,Length,Length normalised,Difference,Suboptimality,Closest 1,Closest 2,Closest 3,Closest 4,Closest 5,Closest 6,Closest 7,Closest 8,Closest 9,Closest 10,Closest 11,Closest 12,Closest 13,Closest 14,Closest 15,Closest 16,Closest 17,Change 1,Change 2,Change 3,Change 4,Change 5,Change 6,Change 7,Change 8,Change 9,Change 10,Change 11,Change 12,Change 13,Change 14,Change 15,Change 16,Change 17,Closeness Mean,Course Variations Mean
0,0.0722425960120745,0.0004358611946702276,165.74679484080525,0.9999999999999998,0.0,4.685321193257499e-14,13.71164593130552,13.720746620820858,13.76551261851187,13.792690019020414,13.881613705770919,13.926502208175545,14.058407417980241,14.120424370864765,14.2936418906264,14.372023487030212,14.584489632650781,14.678333931221507,14.704140179753178,14.704809004366691,14.762175499461716,14.764174020739638,14.878227993744531,1.7337242752546445e-12,1.6200374375330284e-12,1.5916157281026244e-12,1.5916157281026244e-12,1.5631940186722204e-12,1.5063505998114124e-12,1.4779288903810084e-12,1.4495071809506044e-12,1.4495071809506044e-12,1.3926637620897964e-12,1.3073986337985843e-12,1.3073986337985843e-12,1.2505552149377763e-12,1.2505552149377763e-12,1.2505552149377763e-12,1.2221335055073723e-12,1.1652900866465643e-12,14.277621090120283,1.4194136062595883e-12
1,0.0663588309980696,0.0004425783999993341,149.93689479235644,1.0,1.9062608597240853,4.210802774885403e-14,2.9491309874941303,3.040853707176204,3.142882502547689,3.3949908155791717,3.5760037219766225,3.94143207642154,3.9462554545641475,3.9815859767339923,4.125844387402753,4.174643812419659,4.226449502169083,4.494664292148609,4.612327274542694,4.64784646368275,4.878243148692851,,,1.6200374375330284e-12,1.5916157281026244e-12,1.5916157281026244e-12,1.5631940186722204e-12,1.5063505998114124e-12,1.4779288903810084e-12,1.4495071809506044e-12,1.4495071809506044e-12,1.3926637620897964e-12,1.3073986337985843e-12,1.3073986337985843e-12,1.2505552149377763e-12,1.2505552149377763e-12,1.2221335055073723e-12,1.1652900866465643e-12,,,3.9422102749034598,1.4097167877480388e-12
2,0.058351477011456154,0.000435046444521099,134.12700585494895,1.0000000000000002,2.1164324762718536,1.9941775122477488e-14,1.216563556390473,1.2859148323943592,1.7424806088774996,1.8859717544626338,2.1598049076060275,2.260006821898418,2.439599460597313,2.514400866785559,2.6814110010833594,2.6981969709185565,2.9947111896359466,3.2851661360887894,3.344049338374423,,,,,1.6200374375330284e-12,1.5916157281026244e-12,1.5916157281026244e-12,1.5631940186722204e-12,1.4779288903810084e-12,1.4495071809506044e-12,1.4495071809506044e-12,1.3926637620897964e-12,1.3073986337985843e-12,1.3073986337985843e-12,1.2505552149377763e-12,1.2221335055073723e-12,1.1652900866465643e-12,,,,,2.3467905727010274,1.4145266154977994e-12
3,0.05089663800026756,0.00043357933906760783,117.38713867159447,1.0,2.5692824673188,2.940342051314914e-14,0.6726192739468083,0.7004878907560138,0.7488579492408747,0.8253646561234926,1.3976277246429054,1.46640225038106,1.536440574248863,1.58100161120093,1.6247439402036954,1.7313865251455092,1.931628729149074,2.2768546875426328,,,,,,1.6200374375330284e-12,1.5916157281026244e-12,1.5916157281026244e-12,1.5631940186722204e-12,1.4779288903810084e-12,1.3926637620897964e-12,1.3073986337985843e-12,1.3073986337985843e-12,1.2505552149377763e-12,1.2221335055073723e-12,1.1652900866465643e-12,1.1368683772161603e-12,,,,,,1.374451317715155,1.3855583347321954e-12
4,0.04320177099725697,0.00042923927901772775,100.64729186974694,1.0000000000000002,3.0825191321757757,1.3723160495884454e-14,15.305632307181527,15.309678961676296,15.358002621733101,15.370098052238442,15.466216785476393,15.486229812914457,15.629114843702252,15.656834601887976,15.835305858724555,15.841898101114976,,,,,,,,1.6200374375330284e-12,1.5916157281026244e-12,1.5916157281026244e-12,1.5631940186722204e-12,1.4779288903810084e-12,1.3926637620897964e-12,1.3073986337985843e-12,1.2221335055073723e-12,1.1652900866465643e-12,1.1084466677857563e-12,,,,,,,,15.525901194664996,1.404032445861958e-12
5,0.03577832199516706,0.0004264020924025241,83.90747285872202,1.0000000000000002,3.9257147611362484,1.676865443141287e-14,21.068299028855996,21.090039906071947,21.15268542787728,21.255873916952087,21.399018855941105,21.58132517080699,21.80181046587652,22.059329944062835,,,,,,,,,,1.6200374375330284e-12,1.5916157281026244e-12,1.5916157281026244e-12,1.5631940186722204e-12,1.4779288903810084e-12,1.3926637620897964e-12,1.3073986337985843e-12,1.2221335055073723e-12,,,,,,,,,,21.426047839555594,1.4708234630234074e-12
6,0.02806767499714624,0.0004178746257806507,67.16769400561651,1.0000000000000004,5.458842334203126,1.1093231253068766e-14,31.466696751244896,31.939634906558993,32.05652798358733,32.05652798358733,32.43234948592961,32.496726176303554,,,,,,,,,,,,1.6200374375330284e-12,1.5916157281026244e-12,1.5916157281026244e-12,1.5631940186722204e-12,1.4779288903810084e-12,1.3926637620897964e-12,,,,,,,,,,,,32.074743881201954,1.5395092608135503e-12
7,0.020218978010234423,0.0004009476220407384,50.42797836616193,1.0000000000000002,8.716852188338692,1.0917855025578383e-14,45.85341968014472,46.12727261383807,46.12727261383807,46.49294221412676,,,,,,,,,,,,,,1.6200374375330284e-12,1.5916157281026244e-12,1.5916157281026244e-12,1.5631940186722204e-12,,,,,,,,,,,,,,46.1502267804869,1.5916157281026244e-12
8,0.01255974400555715,0.00037282128272984985,33.688377212783934,1.0,17.839682401800502,1.1308305616400734e-14,61.4899321896444,61.59482394665247,61.59482394665247,,,,,,,,,,,,,,,1.5916157281026244e-12,1.5916157281026244e-12,1.5631940186722204e-12,,,,,,,,,,,,,,,61.55986002764978,1.5821418249591563e-12
9,0.004853702004766092,0.00028637013883204534,16.949050709553077,1.0,68.01837509305369,1.5269177840471932e-14,77.62441127692587,,,,,,,,,,,,,,,,,1.5916157281026244e-12,,,,,,,,,,,,,,,,,77.62441127692587,1.5916157281026244e-12
