,X,Y
0,141.0,50.0
1,141.2922039762413,50.75159293148081
2,141.58440794732135,51.503185849686105
3,141.87661191319992,52.25477875451239
4,142.16881587383628,53.006371645854955
5,142.46101982918927,53.75796452360788
6,142.75322377921722,54.50955738766401
7,143.045427723878,55.26115023791491
8,143.33763166312892,56.012743074250885
9,143.62983559692685,56.76433589656093
10,143.92203952522812,57.515928704732715
11,144.21424344798854,58.26752149865258
12,144.50644736516338,59.01911427820549
13,144.79865127670737,59.77070704327505
14,145.09085518257473,60.522299793743436
15,145.3830590827191,61.2738925294914
16,145.67526297709352,62.02548525039825
17,145.96746686565055,62.77707795634181
18,146.25967074834207,63.528670647198425
19,146.55187462511944,64.28026332284288
20,146.84407849593333,65.03185598314846
21,147.1362823607339,65.78344862798684
22,147.42848621947064,66.53504125722812
23,147.7206900720924,67.28663387074074
24,148.0128939185474,68.03822646839154
25,148.30509775878323,68.78981905004564
26,148.30509775878323,68.78981905004564
27,148.67087584442945,69.50848507622898
28,149.03665392231613,70.22715108716667
29,149.40243199237923,70.94581708273292
30,149.76821005455395,71.66448306280039
31,150.1339881087747,72.38314902724024
32,150.49976615497513,73.10181497592208
33,150.86554419308806,73.82048090871393
34,151.2313222230455,74.53914682548222
35,151.59710024477866,75.25781272609173
36,151.96287825821784,75.97647861040561
37,152.32865626329257,76.69514447828533
38,152.69443425993146,77.41381032959066
39,153.06021224806224,78.13247616417962
40,153.42599022761178,78.8511419819085
41,153.79176819850602,79.56980778263177
42,154.15754616066997,80.28847356620211
43,154.5233241140277,81.00713933247036
44,154.88910205850235,81.72580508128547
45,155.25487999401605,82.44447081249452
46,155.62065792049,83.16313652594262
47,155.9864358378444,83.88180222147294
48,156.35221374599837,84.60046789892665
49,156.71799164487004,85.3191335581429
50,157.0837695343765,86.03779919895875
51,157.44954741443377,86.75646482120922
52,157.44954741443377,86.75646482120922
53,158.0113685687311,87.33493754384028
54,158.5731897101781,87.91341025324017
55,159.13501083869204,88.49188294932367
56,159.6968319541897,89.0703556320051
57,160.2586530565874,89.64882830119834
58,160.75991647884888,90.28049952191854
59,161.26117988852866,90.91217072678381
60,161.7624432855317,91.54384191567439
61,162.26370666976217,92.17551308846951
62,162.7649700411234,92.80718424504735
63,163.26623339951786,93.43885538528501
64,163.7674967448472,94.07052650905855
65,164.26876007701222,94.70219761624298
66,164.7700233959129,95.33386870671221
67,165.27128670144828,95.9655397803391
68,165.77254999351666,96.59721083699542
69,166.27381327201545,97.22888187655188
70,166.77507653684114,97.8605528988781
71,167.27633978788944,98.49222390384261
72,167.77760302505516,99.12389489131289
73,168.27886624823228,99.75556586115529
74,168.78012945731388,100.3872368132351
75,169.28139265219218,101.01890774741652
76,169.78265583275856,101.65057866356265
77,170.28391899890352,102.28224956153552
78,170.7851821505167,102.91392044119607
79,170.7851821505167,102.91392044119607
80,171.34700291997302,103.49239276758001
81,171.84826604316797,104.1240636114291
82,172.14046948843372,104.8756551771603
83,172.43267292375867,105.62724671732224
84,172.72487634903896,106.37883823164778
85,172.83031765893296,107.30283502810649
86,172.93575896403706,108.2268317825909
87,173.04120026428845,109.15082849455004
88,173.14664155962294,110.07482516342195
89,173.25208284997515,110.99882178863348
90,173.3575241352784,111.9228183696
91,173.46296541546457,112.846814905725
92,173.56840669046423,113.77081139639988
93,173.6738479602065,114.69480784100354
94,173.77928922461905,115.61880423890206
95,173.88473048362803,116.54280058944835
96,173.99017173715805,117.46679689198177
97,174.09561298513214,118.39079314582777
98,174.20105422747167,119.31478935029747
99,174.30649546409637,120.2387855046873
100,174.4119366949242,121.1627816082785
101,174.5173779198714,122.08677766033672
102,174.62281913885232,123.01077366011162
103,174.62281913885232,123.01077366011162
104,174.72826035177945,123.93476960683633
105,174.83370155856335,124.85876549972696
106,174.93914275911254,125.78276133798215
107,175.04458395333356,126.70675712078248
108,175.15002514113075,127.63075284729
109,175.2554663224063,128.55474851664758
110,175.36090749706017,129.47874412797836
111,175.46634866498997,130.4027396803852
112,175.5717898260909,131.32673517294992
113,175.67723098025576,132.25073060473278
114,175.78267212737475,133.17472597477166
115,175.88811326733546,134.09872128208147
116,175.99355440002273,135.02271652565332
117,176.09899552531868,135.9467117044538
118,176.20443664310247,136.87070681742418
119,176.30987775325028,137.7947018634795
120,176.41531885563523,138.7186968415078
121,176.52075995012726,139.64269175036918
122,176.62620103659296,140.5666865888948
123,176.73164211489555,141.49068135588604
124,176.8370831848947,142.41467605011323
125,176.94252424644648,143.33867067031483
126,176.94252424644648,143.33867067031483
127,177.04796529940313,144.26266521519614
128,177.15340634361303,145.18665968342825
129,177.25884737892045,146.11065407364674
130,177.3642884051655,147.03464838445043
131,177.46972942218392,147.95864261440005
132,177.57517042980697,148.88263676201686
133,177.68061142786127,149.80663082578116
134,177.7860524161685,150.73062480413077
135,177.89149339454542,151.65461869545948
136,177.9969343628035,152.57861249811532
137,178.1023753207488,153.50260621039882
138,178.20781626818174,154.42659983056123
139,178.31325720489693,155.35059335680248
140,178.41869813068288,156.27458678726927
141,178.5241390453218,157.19858012005287
142,178.62957994858922,158.1225733531869
143,178.73502084025398,159.04656648464507
144,178.8404617200777,159.97055951233855
145,178.94590258781463,160.8945524341136
146,179.0513434432112,161.81854524774857
147,179.1567842860059,162.74253795095132
148,179.2622251159287,163.66653054135594
149,179.2622251159287,163.66653054135594
150,179.36766593270085,164.59052301651974
151,179.47310673603445,165.51451537391978
152,179.57854752563208,166.43850761094933
153,179.68398830118625,167.3624997249142
154,179.78942906237907,168.28649171302868
155,179.89486980888177,169.21048357241142
156,180.0003105403541,170.13447530008094
157,180.10575125644385,171.05846689295097
158,180.21119195678634,171.9824583478255
159,180.3166326410037,172.9064496613935
160,180.42207330870437,173.83044083022332
161,180.5275139594823,174.75443185075673
162,180.63295459291626,175.67842271930272
163,180.73839520856916,176.6024134320307
164,180.8438358059871,177.52640398496337
165,180.9492763846987,178.4503943739693
166,181.05471694421388,179.37438459475464
167,181.1601574840232,180.29837464285467
168,181.26559800359655,181.22236451362446
169,181.37103850238228,182.14635420222916
170,181.47647897980573,183.07034370363343
171,181.5819194352682,183.99433301259023
172,181.68735986814534,184.91832212362883
173,181.68735986814534,184.91832212362883
174,181.79280027778586,185.84231103104182
175,181.89824066350988,186.76629972887127
176,182.00368102460726,187.69028821089395
177,182.1091213603357,188.61427647060526
178,182.2145616699189,189.53826450120198
179,182.3200019525443,190.46225229556376
180,182.42544220736087,191.38623984623308
181,182.5308824334767,192.3102271453937
182,182.6363226299562,193.2342141848471
183,182.7417627958173,194.15820095598733
184,182.84720293002832,195.0821874497734
185,182.9526430315045,196.00617365669956
186,183.05808309910435,196.9301595667629
187,183.16352313162565,197.85414516942797
188,183.268963127801,198.77813045358835
189,183.37440308629303,199.70211540752464
190,183.4798430056892,200.62610001885852
191,183.58528288449602,201.55008427450235
192,183.69072272113277,202.47406816060396
193,183.79616251392454,203.39805166248595
194,183.90160226109464,204.32203476457877
195,184.0070419607561,205.24601745034693
196,184.11248161090248,206.16999970220735
197,184.11248161090248,206.16999970220735
198,184.2179212093974,207.09398150143912
199,184.32336075396324,208.01796282808297
200,184.42880024216834,208.94194366082974
201,184.53423967141273,209.86592397689577
202,184.63967903891233,210.78990375188366
203,184.7451183416811,211.71388295962615
204,184.85055757651097,212.6378615720108
205,184.9559967399494,213.5618395587822
206,185.06143582827374,214.48581688731852
207,185.16687483746242,215.4097935223781
208,185.272313763162,216.3337694258112
209,185.37775260064967,217.25774455623107
210,185.4831913447902,218.181718868637
211,185.58862998998652,219.10569231398097
212,185.69406853012254,220.02966483866726
213,185.79950695849712,220.9536363839724
214,185.90494526774677,221.87760688536943
215,186.01038344975555,222.80157627173716
216,186.1158214955489,223.72554446442996
217,186.22125939516798,224.6495113761776
218,186.32669713752045,225.57347690977625
219,186.4321347102016,226.4974409565215
220,186.53757209927878,227.42140339431964
221,186.53757209927878,227.42140339431964
222,186.64300928902975,228.34536408539466
223,186.74844626162252,229.26932287348234
224,186.8538829967202,230.1932795803675
225,186.9593194709887,231.11723400157075
226,187.06475565747758,232.04118590092114
227,187.17019152483178,232.9651350036503
228,187.27562703627675,233.88908098749744
229,187.38106214829298,234.8130234710954
230,187.4864968088593,235.736961998575
231,187.59193095508402,236.66089601880822
232,187.6973645099498,237.584824856881
233,187.80279737774094,238.50874767402368
234,187.90822943745795,239.43266340990067
235,188.01366053305267,240.35657069704075
236,188.11909045844604,241.2804677295443
237,188.22451893358215,242.20435205324267
238,189.0,249.0
