,Runtime,Runtime normalised,Length,Length normalised,Difference,Suboptimality,Closest 1,Closest 2,Closest 3,Closest 4,Closest 5,Closest 6,Closest 7,Closest 8,Closest 9,Closest 10,Closest 11,Change 1,Change 2,Change 3,Change 4,Change 5,Change 6,Change 7,Change 8,Change 9,Change 10,Change 11,Closeness Mean,Course Variations Mean
0,23.111016023001866,0.11289796561986254,209.2717173179181,1.0222982461460433,0.0,7.6142574126475315,10.423458692041043,10.428921395780518,10.772426550967543,10.941464862296193,11.015865277566217,11.102768295378432,11.18305657356403,11.20008287859045,11.351213363962765,11.60341912286547,11.659166957703686,80.26000000001746,61.020000000020985,60.90000000001289,44.140000000011305,6.239999999997693,5.479999999999613,4.839999999999598,4.520000000000273,4.280000000001088,4.079999999999494,3.7599999999998843,11.06198581551967,25.410909090914572
1,22.43249284499325,0.12044180497289789,193.87220295277416,1.0409149896559848,17.60656556173216,6.913851452050092,9.331834242502092,9.446072990123593,9.776562366316114,9.879168841025468,9.943384609828632,10.041179518806226,10.214202760097091,10.395643344945935,10.493465759673606,10.59089043852534,10.831136366131847,79.1400000000108,59.94000000000571,59.94000000000571,38.2600000000047,35.82000000000555,32.70000000000294,19.4200000000054,18.900000000007296,7.8399999999999395,7.399999999999977,7.319999999999574,10.08577647617963,33.33454545454978
2,10.588858468996477,0.06395530428631417,170.16296754464486,1.0277618120446317,22.583117747932512,7.224327765970062,1.7202364488028603,2.4972403017281772,2.7475824979876284,2.8950737098360895,3.016293076575599,3.108838954814209,,,,,,7.080000000000776,7.079999999998719,6.240000000000684,6.200000000000372,5.879999999999747,4.7199999999999775,,,,,,2.6642108316240942,6.2000000000000455
3,8.147234887001105,0.054550726094413346,149.62641936044366,1.0018404933976075,7.8063686083338055,1.6601948975465668,6.876297011248956,7.289929129287935,7.4484622258534525,7.456506175892125,7.597327107099511,,,,,,,3.160000000000423,1.7200000000000841,1.3599999999996726,1.279999999999589,1.2399999999999807,,,,,,,7.3337043298763955,1.7519999999999498
4,7.156215564988088,0.055770138010111416,128.34635877520788,1.0002345621069244,4.546423368792098,0.24377365134070264,10.58148407391361,10.61046133568596,10.64677043318245,10.732938754399283,,,,,,,,1.680000000000362,1.4799999999997198,0.6800000000005753,0.6799999999997652,,,,,,,,10.642913649295325,1.1300000000001056
5,6.051934409013484,0.05652596575315725,107.06635877520789,1.0000156843122792,0.34484988146496676,0.16147833906153922,14.193495404271179,14.732787902059131,15.318445317428685,,,,,,,,,0.08384973551669361,0.08000000000062357,0.08000000000059515,,,,,,,,,14.748242874586332,0.08128324517263745
6,5.098859482997796,0.05943697627878938,85.78635877520794,1.000004371284996,2.7035410577697263,0.07217294406786152,21.655229900909838,21.72590646867913,22.47210123113038,,,,,,,,,0.08384973551669361,0.04000000000047521,0.040000000000205205,,,,,,,,,21.951079200239786,0.054616578505791345
7,4.122228432999691,0.06390431132549927,64.50635877520796,1.0000014556800156,1.7347014050844791,0.03304907390277575,27.0589690198386,28.46982416737893,,,,,,,,,,0.08384973551669361,0.040000000000063096,,,,,,,,,,27.764396593608765,0.061924867758378355
8,3.0853272749955067,0.07137613353584941,43.226358775208006,1.0000009986662683,0.0593528140219064,0.019693812174126815,34.49676128951637,,,,,,,,,,,0.08384973551669361,,,,,,,,,,,34.49676128951637,0.08384973551669361
9,2.1517934870062163,0.09804791364445535,21.94635877520807,1.000000559066484,4.310895840394224,0.008221430879533231,43.982448603611275,,,,,,,,,,,0.08384973551669361,,,,,,,,,,,43.982448603611275,0.08384973551669361
