,X,Y
0,96.0,175.5
1,96.3228200371057,175.58905380333943
2,96.64564007421157,175.67810760667916
3,96.96846011131728,175.76716141001862
4,97.29128014842297,175.856215213358
5,97.61410018552867,175.94526901669744
6,97.61410018552867,175.94526901669744
7,97.93692022263454,176.0343228200372
8,98.25974025974027,176.12337662337669
9,98.58256029684591,176.21243042671603
10,98.90538033395183,176.30148423005576
11,99.2282003710575,176.39053803339522
12,99.2282003710575,176.39053803339522
13,99.55102040816323,176.47959183673464
14,99.87384044526911,176.56864564007435
15,100.1966604823748,176.65769944341378
16,100.51948051948052,176.74675324675323
17,100.84230055658621,176.8358070500927
18,100.84230055658621,176.8358070500927
19,101.16512059369208,176.92486085343242
20,101.4879406307978,177.01391465677187
21,101.81076066790348,177.10296846011124
22,102.13358070500921,177.1920222634507
23,102.45640074211505,177.2810760667904
24,102.45640074211505,177.2810760667904
25,102.77922077922074,177.3701298701298
26,103.10204081632646,177.4591836734693
27,103.42486085343232,177.54823747680905
28,103.74768089053802,177.63729128014847
29,104.07050092764369,177.72634508348784
30,104.07050092764369,177.72634508348784
31,104.39332096474965,177.81539888682755
32,104.71614100185532,177.90445269016706
33,105.03896103896103,177.99350649350643
34,105.36178107606669,178.0825602968459
35,105.68460111317255,178.1716141001856
36,105.68460111317255,178.1716141001856
37,106.0074211502783,178.26066790352505
38,106.33024118738398,178.34972170686441
39,106.65306122448985,178.43877551020418
40,106.97588126159555,178.5278293135436
41,107.29870129870123,178.61688311688312
42,107.29870129870123,178.61688311688312
43,107.62152133580696,178.70593692022248
44,107.94434137291286,178.79499072356222
45,108.26716141001855,178.88404452690168
46,108.58998144712423,178.9730983302411
47,108.91280148423013,179.06215213358084
48,108.91280148423013,179.06215213358084
49,109.23562152133582,179.15120593692026
50,109.5584415584415,179.2402597402597
51,109.8812615955474,179.32931354359937
52,110.20408163265311,179.41836734693885
53,110.52690166975879,179.5074211502783
54,110.52690166975879,179.5074211502783
55,110.84972170686449,179.5964749536177
56,111.17254174397036,179.68552875695747
57,111.49536178107608,179.7745825602968
58,111.81818181818177,179.86363636363635
59,112.14100185528747,179.9526901669758
60,112.14100185528747,179.9526901669758
61,112.46382189239334,180.04174397031545
62,112.78664192949907,180.13079777365485
63,113.10946196660474,180.21985157699433
64,113.43228200371064,180.30890538033407
65,113.75510204081633,180.39795918367344
66,113.75510204081633,180.39795918367344
67,114.07792207792204,180.48701298701295
68,114.40074211502792,180.57606679035263
69,114.72356215213358,180.6651205936921
70,115.04638218923932,180.75417439703153
71,115.36920222634521,180.84322820037124
72,115.36920222634521,180.84322820037124
73,115.69202226345088,180.93228200371058
74,116.0148423005566,181.0213358070501
75,116.33766233766225,181.11038961038957
76,116.66048237476821,181.19944341372923
77,116.98330241187388,181.28849721706868
78,116.98330241187388,181.28849721706868
79,117.30612244897956,181.37755102040808
80,117.62894248608526,181.46660482374753
81,117.95176252319115,181.55565862708727
82,118.27458256029684,181.6447124304267
83,118.59740259740252,181.7337662337661
84,118.59740259740252,181.7337662337661
85,118.92022263450839,181.82282003710588
86,119.24304267161409,181.91187384044528
87,119.56586270871975,182.00092764378468
88,119.88868274582569,182.08998144712447
89,120.2115027829314,182.1790352504639
90,120.2115027829314,182.1790352504639
91,120.53432282003709,182.26808905380332
92,120.85714285714296,182.357142857143
93,121.17996289424869,182.44619666048249
94,121.50278293135437,182.5352504638219
95,121.82560296846006,182.62430426716134
96,121.82560296846006,182.62430426716134
97,122.14842300556576,182.7133580705008
98,122.47124304267169,182.8024118738405
99,122.7940630797773,182.8914656771799
100,123.11688311688305,182.98051948051932
101,123.43970315398894,183.06957328385909
102,123.43970315398894,183.06957328385909
103,123.7625231910946,183.15862708719854
104,124.08534322820032,183.247680890538
105,124.40816326530626,183.3367346938777
106,124.73098330241189,183.425788497217
107,125.05380333951756,183.51484230055652
108,125.05380333951756,183.51484230055652
109,125.37662337662346,183.6038961038963
110,125.69944341372918,183.69294990723574
111,126.02226345083487,183.7820037105751
112,126.34508348794056,183.87105751391456
113,126.66790352504641,183.96011131725425
114,126.66790352504641,183.96011131725425
115,126.9907235621521,184.04916512059367
116,127.31354359925784,184.13821892393315
117,127.63636363636353,184.22727272727258
118,127.95918367346944,184.31632653061232
119,128.2820037105751,184.40538033395177
120,128.2820037105751,184.40538033395177
121,128.60482374768077,184.49443413729114
122,128.9276437847867,184.5834879406309
123,129.2504638218924,184.6725417439703
124,129.5732838589981,184.76159554730978
125,129.89610389610408,184.85064935064952
126,129.89610389610408,184.85064935064952
127,130.21892393320974,184.93970315398897
128,130.54174397031534,185.02875695732828
129,130.86456400742125,185.1178107606681
130,131.18738404452696,185.20686456400747
131,131.5102040816326,185.295918367347
132,131.5102040816326,185.295918367347
133,131.8330241187384,185.38497217068635
134,132.15584415584405,185.4740259740258
135,132.47866419294988,185.56307977736546
136,132.80148423005562,185.6521335807049
137,133.1243042671613,185.7411873840444
138,133.1243042671613,185.7411873840444
139,133.4471243042672,185.83024118738413
140,133.76994434137293,185.91929499072359
141,134.09276437847856,186.00834879406298
142,134.4155844155845,186.0974025974027
143,134.73840445269016,186.1864564007421
144,134.73840445269016,186.1864564007421
145,135.06122448979588,186.2755102040816
146,135.38404452690176,186.36456400742134
147,135.7068645640075,186.45361781076076
148,136.02968460111316,186.5426716141002
149,136.35250463821905,186.63172541743987
150,136.35250463821905,186.63172541743987
151,136.6753246753247,186.72077922077932
152,136.99814471243042,186.80983302411872
153,137.32096474953613,186.89888682745817
154,137.64378478664182,186.98794063079757
155,137.96660482374776,187.0769944341374
156,137.96660482374776,187.0769944341374
157,138.28942486085342,187.16604823747673
158,138.61224489795907,187.25510204081618
159,138.93506493506501,187.34415584415595
160,139.25788497217067,187.43320964749543
161,139.58070500927633,187.52226345083474
162,139.58070500927633,187.52226345083474
163,139.9035250463823,187.6113172541746
164,140.22634508348793,187.70037105751393
165,140.5491651205937,187.78942486085342
166,140.87198515769953,187.87847866419312
167,141.1948051948051,187.9675324675323
168,141.1948051948051,187.9675324675323
169,141.51762523191093,188.056586270872
170,141.84044526901684,188.14564007421168
171,142.16326530612236,188.23469387755082
172,142.48608534322818,188.32374768089053
173,142.80890538033398,188.41280148423004
174,142.80890538033398,188.41280148423004
175,143.13172541743955,188.50185528756938
176,143.4545454545455,188.59090909090907
177,143.77736549165118,188.67996289424855
178,144.10018552875684,188.76901669758794
179,144.42300556586284,188.85807050092782
180,144.42300556586284,188.85807050092782
181,144.74582560296847,188.9471243042672
182,145.06864564007418,189.03617810760664
183,145.3914656771801,189.1252319109464
184,145.71428571428575,189.2142857142857
185,146.0371057513915,189.3033395176252
186,146.0371057513915,189.3033395176252
187,146.35992578849738,189.3923933209649
188,146.6827458256028,189.48144712430408
189,147.0055658627087,189.5705009276438
190,147.32838589981455,189.65955473098347
191,147.65120593692012,189.7486085343226
192,147.65120593692012,189.7486085343226
193,147.97402597402592,189.83766233766238
194,148.29684601113175,189.92671614100186
195,148.61966604823735,190.01576994434117
196,148.94248608534335,190.10482374768108
197,149.26530612244895,190.19387755102036
198,149.26530612244895,190.19387755102036
199,149.5881261595546,190.28293135435976
200,149.91094619666066,190.37198515769964
201,150.23376623376623,190.46103896103892
202,150.55658627087192,190.55009276437843
203,150.87940630797786,190.63914656771817
204,150.87940630797786,190.63914656771817
205,151.20222634508346,190.72820037105748
206,151.52504638218926,190.81725417439705
207,151.84786641929514,190.9063079777367
208,152.17068645640063,190.9953617810759
209,152.4935064935065,191.0844155844156
210,152.4935064935065,191.0844155844156
211,152.81632653061226,191.17346938775506
212,153.13914656771786,191.26252319109443
213,153.46196660482374,191.3515769944342
214,153.78478664192946,191.4406307977736
215,154.10760667903506,191.52968460111305
216,154.10760667903506,191.52968460111305
217,154.4304267161411,191.61873840445287
218,154.75324675324674,191.70779220779218
219,155.0760667903524,191.79684601113152
220,155.39888682745845,191.88589981447143
221,155.72170686456403,191.97495361781077
222,155.72170686456403,191.97495361781077
223,156.04452690166983,192.06400742115034
224,156.3673469387757,192.15306122448993
225,156.6901669758811,192.24211502782916
226,157.01298701298705,192.33116883116884
227,157.33580705009294,192.42022263450852
228,157.33580705009294,192.42022263450852
229,157.65862708719837,192.50927643784763
230,157.98144712430428,192.59833024118734
231,158.30426716141,192.6873840445269
232,158.62708719851565,192.77643784786625
233,158.94990723562168,192.86549165120613
234,158.94990723562168,192.86549165120613
235,159.2727272727273,192.95454545454552
236,159.59554730983294,193.04359925788475
237,159.91836734693888,193.1326530612247
238,160.24118738404454,193.221706864564
239,160.5640074211503,193.31076066790354
240,160.5640074211503,193.31076066790354
241,160.88682745825616,193.39981447124325
242,161.2096474953618,193.4888682745826
243,161.53246753246754,193.57792207792207
244,161.85528756957345,193.6669758812618
245,162.17810760667894,193.75602968460095
246,162.17810760667894,193.75602968460095
247,162.50092764378482,193.8450834879406
248,162.82374768089053,193.93413729128017
249,163.1465677179961,194.0231910946195
250,163.46938775510205,194.11224489795921
251,163.79220779220776,194.20129870129873
252,163.79220779220776,194.20129870129873
253,164.11502782931336,194.29035250463804
254,164.43784786641942,194.37940630797783
255,164.76066790352507,194.46846011131726
256,165.08348794063065,194.55751391465662
257,165.4063079777367,194.64656771799645
258,165.4063079777367,194.64656771799645
259,165.7291280148423,194.7356215213358
260,166.05194805194807,194.82467532467527
261,166.37476808905393,194.913729128015
262,166.69758812615947,195.00278293135415
263,167.0204081632653,195.09183673469389
264,167.0204081632653,195.09183673469389
265,167.3432282003712,195.1808905380336
266,167.66604823747667,195.26994434137276
267,167.98886827458253,195.35899814471244
268,168.31168831168827,195.4480519480519
269,168.6345083487939,195.5371057513913
270,168.6345083487939,195.5371057513913
271,168.9573283858998,195.62615955473098
272,169.28014842300556,195.7152133580705
273,169.60296846011116,195.80426716140985
274,169.92578849721727,195.89332096474973
275,170.24860853432284,195.982374768089
276,170.24860853432284,195.982374768089
277,170.57142857142858,196.07142857142858
278,170.8942486085345,196.16048237476824
279,171.21706864564007,196.24953617810763
280,171.5398886827458,196.33858998144717
281,171.86270871985172,196.4276437847868
282,171.86270871985172,196.4276437847868
283,172.18552875695715,196.51669758812602
284,172.50834879406307,196.60575139146565
285,172.831168831169,196.6948051948054
286,173.15398886827447,196.78385899814452
287,173.47680890538035,196.87291280148426
288,173.47680890538035,196.87291280148426
289,173.7996289424861,196.96196660482377
290,174.12244897959172,197.05102040816305
291,174.44526901669778,197.14007421150296
292,174.7680890538033,197.2291280148423
293,175.09090909090895,197.3181818181816
294,175.09090909090895,197.3181818181816
295,175.413729128015,197.40723562152152
296,175.7365491651206,197.49628942486086
297,176.05936920222638,197.58534322820034
298,176.38218923933226,197.6743970315401
299,176.70500927643783,197.7634508348794
300,176.70500927643783,197.7634508348794
301,177.02782931354358,197.85250463821893
302,177.35064935064946,197.9415584415586
303,177.673469387755,198.0306122448978
304,177.99628942486086,198.1196660482375
305,178.31910946196663,198.20871985157703
306,178.31910946196663,198.20871985157703
307,178.64192949907218,198.29777365491628
308,178.9647495361781,198.386827458256
309,179.28756957328383,198.47588126159553
310,179.61038961038943,198.56493506493496
311,179.93320964749552,198.65398886827475
312,179.93320964749552,198.65398886827475
313,179.9254789778378,198.7134887569019
314,179.91774830818008,198.77298864552907
315,180.81328499716207,199.02377849366232
316,180.79388762315025,199.08055649892356
317,180.77449024913844,199.1373345041848
318,180.77449024913844,199.1373345041848
319,180.75509287512662,199.19411250944603
320,180.7356955011148,199.25089051470727
321,180.716298127103,199.3076685199685
322,180.69690075309117,199.36444652522974
323,180.67750337907935,199.42122453049097
324,180.65810600506754,199.4780025357522
325,180.63870863105572,199.53478054101345
326,180.62507650537412,199.59321139886615
327,180.61144437969253,199.65164225671884
328,180.59781225401093,199.71007311457154
329,180.58418012832934,199.76850397242424
330,180.57054800264774,199.82693483027694
331,180.55691587696614,199.88536568812964
332,180.54328375128455,199.94379654598234
333,180.52965162560295,200.00222740383504
334,180.51601949992136,200.06065826168773
335,180.50238737423976,200.11908911954043
336,180.48875524855816,200.17751997739313
337,180.48102457890045,200.2370198660203
338,180.47329390924273,200.29651975464745
339,180.465563239585,200.3560196432746
340,180.4578325699273,200.41551953190177
341,180.45010190026957,200.47501942052892
342,180.44237123061185,200.53451930915608
343,180.43464056095414,200.59401919778324
344,180.42690989129642,200.6535190864104
345,180.4191792216387,200.71301897503756
346,180.41144855198098,200.77251886366471
347,180.40371788232326,200.83201875229187
348,180.3965173388104,201.07851159380908
349,180.3965173388104,201.07851159380908
350,180.3893167953321,201.32500443414412
351,180.38211625188796,201.5714972733092
352,180.39955990339968,201.81747752868816
353,180.4170035547936,202.0634577824061
354,180.43444720607047,202.3094380344733
355,180.50807628627675,202.73633087958723
356,180.50807628627675,202.73633087958723
357,180.5817053652062,203.1632237172984
358,180.69758477396078,203.58063321924232
359,180.85455668174728,203.98438876648362
360,181.01152858563125,204.38814430368703
361,181.01152858563125,204.38814430368703
362,181.34640464628842,204.9096828673565
363,181.84766582497167,205.54135126081317
364,181.84766582497167,205.54135126081317
365,182.55534115344742,205.9279560547605
366,183.26301641928106,206.31456081448627
367,183.26301641928106,206.31456081448627
368,184.17425679030288,206.5003602912469
369,185.0854970520313,206.68615974572288
370,185.0854970520313,206.68615974572288
371,185.9967372021206,206.87195917743594
372,186.90797723814885,207.05775858589226
373,186.90797723814885,207.05775858589226
374,187.8192171576143,207.24355797058175
375,188.73045695793206,207.42935733097733
376,188.73045695793206,207.42935733097733
377,189.6416966364303,207.61515666653423
378,190.55293619034626,207.80095597668915
379,190.55293619034626,207.80095597668915
380,191.46417561682213,207.98675526085935
381,192.37541491290062,208.1725545184419
382,195.0,210.0
383,195.33039647577087,210.05947136563867
384,195.6607929515419,210.1189427312776
385,195.9911894273128,210.1784140969163
386,196.32158590308367,210.23788546255497
387,196.6519823788547,210.29735682819395
388,196.98237885462552,210.35682819383263
389,196.98237885462552,210.35682819383263
390,197.31277533039645,210.41629955947133
391,197.64317180616735,210.47577092511006
392,197.97356828193838,210.53524229074893
393,198.30396475770922,210.59471365638763
394,198.63436123348012,210.65418502202635
395,198.96475770925116,210.71365638766522
396,198.96475770925116,210.71365638766522
397,199.295154185022,210.773127753304
398,199.62555066079292,210.83259911894265
399,199.9559471365639,210.89207048458152
400,200.28634361233483,210.95154185022028
401,200.6167400881057,211.011013215859
402,200.94713656387674,211.07048458149788
403,200.94713656387674,211.07048458149788
404,201.27753303964764,211.1299559471366
405,201.60792951541848,211.18942731277536
406,201.93832599118937,211.248898678414
407,202.2687224669604,211.30837004405296
408,202.5991189427313,211.36784140969164
409,202.92951541850215,211.4273127753304
410,202.92951541850215,211.4273127753304
411,203.25991189427322,211.4867841409693
412,203.59030837004403,211.5462555066079
413,203.92070484581495,211.60572687224663
414,204.25110132158585,211.6651982378854
415,204.58149779735692,211.72466960352426
416,204.9118942731277,211.78414096916293
417,204.9118942731277,211.78414096916293
418,205.24229074889874,211.84361233480186
419,205.57268722466964,211.90308370044053
420,205.90308370044056,211.9625550660793
421,206.2334801762114,212.02202643171802
422,206.5638766519824,212.0814977973569
423,206.8942731277533,212.14096916299562
424,206.8942731277533,212.14096916299562
425,207.2246696035242,212.20044052863432
426,207.55506607929527,212.25991189427327
427,207.88546255506608,212.3193832599119
428,208.21585903083695,212.3788546255506
429,208.54625550660785,212.43832599118932
430,208.8766519823789,212.49779735682824
431,208.8766519823789,212.49779735682824
432,209.2070484581498,212.55726872246694
433,209.53744493392077,212.61674008810581
434,209.86784140969166,212.6762114537445
435,210.19823788546256,212.73568281938327
436,210.52863436123343,212.795154185022
437,210.85903083700433,212.85462555066073
438,210.85903083700433,212.85462555066073
439,211.18942731277534,212.9140969162996
440,211.5198237885462,212.97356828193833
441,211.85022026431724,213.0330396475772
442,212.18061674008817,213.0925110132159
443,212.51101321585898,213.1519823788546
444,212.84140969162982,213.21145374449327
445,212.84140969162982,213.21145374449327
446,213.17180616740092,213.27092511013223
447,213.50220264317184,213.33039647577095
448,213.83259911894282,213.38986784140974
449,214.16299559471375,213.44933920704858
450,214.49339207048456,213.50881057268722
451,214.8237885462554,213.56828193832587
452,214.8237885462554,213.56828193832587
453,215.15418502202638,213.62775330396468
454,215.48458149779742,213.68722466960355
455,215.8149779735683,213.74669603524228
456,216.14537444933936,213.80616740088118
457,216.4757709251101,213.86563876651985
458,216.80616740088104,213.9251101321586
459,216.80616740088104,213.9251101321586
460,217.13656387665188,213.9845814977973
461,217.46696035242277,214.04405286343604
462,217.79735682819384,214.1035242290749
463,218.1277533039649,214.16299559471375
464,218.45814977973575,214.22246696035253
465,218.78854625550662,214.2819383259912
466,218.78854625550662,214.2819383259912
467,219.11894273127757,214.34140969162993
468,219.4493392070484,214.4008810572686
469,219.7797356828194,214.46035242290748
470,220.1101321585903,214.51982378854623
471,220.44052863436133,214.5792951541851
472,220.77092511013217,214.63876651982375
473,220.77092511013217,214.63876651982375
474,221.1013215859031,214.69823788546256
475,221.4317180616739,214.75770925110118
476,221.76211453744486,214.81718061674002
477,222.09251101321584,214.87665198237886
478,222.42290748898688,214.93612334801773
479,222.7533039647578,214.9955947136565
480,222.7533039647578,214.9955947136565
481,223.08370044052865,215.05506607929513
482,223.4140969162996,215.11453744493392
483,223.74449339207035,215.17400881057256
484,224.07488986784142,215.23348017621146
485,224.40528634361232,215.29295154185024
486,224.73568281938336,215.35242290748909
487,224.73568281938336,215.35242290748909
488,225.06607929515428,215.41189427312784
489,225.39647577092512,215.4713656387665
490,225.72687224669593,215.5308370044052
491,226.05726872246686,215.59030837004397
492,226.38766519823787,215.6497797356828
493,226.7180616740088,215.7092511013216
494,226.7180616740088,215.7092511013216
495,227.04845814977986,215.76872246696047
496,227.37885462555064,215.82819383259914
497,227.70925110132157,215.88766519823784
498,228.0396475770924,215.94713656387654
499,228.37004405286345,216.00660792951544
500,228.7004405286344,216.0660792951542
501,228.7004405286344,216.0660792951542
502,229.03083700440538,216.125550660793
503,229.36123348017634,216.18502202643182
504,229.69162995594715,216.2444933920705
505,230.02202643171796,216.30396475770914
506,230.35242290748891,216.36343612334792
507,230.6828193832599,216.42290748898677
508,230.6828193832599,216.42290748898677
509,231.01321585903085,216.48237885462552
510,231.3436123348019,216.5418502202644
511,231.6740088105727,216.60132158590307
512,232.00440528634363,216.66079295154182
513,232.33480176211447,216.72026431718052
514,232.66519823788553,216.77973568281936
515,232.66519823788553,216.77973568281936
516,232.9955947136564,216.83920704845818
517,233.3259911894273,216.8986784140969
518,233.65638766519828,216.95814977973572
519,233.98678414096915,217.01762114537442
520,234.31718061674005,217.0770925110132
521,234.647577092511,217.13656387665196
522,234.647577092511,217.13656387665196
523,234.97797356828193,217.19603524229072
524,235.30837004405285,217.25550660792956
525,235.6387665198238,217.31497797356826
526,235.9691629955947,217.37444933920705
527,236.29955947136563,217.4339207048458
528,236.62995594713655,217.4933920704846
529,236.62995594713655,217.4933920704846
530,236.9603524229075,217.55286343612335
531,237.2907488986784,217.61233480176213
532,237.62114537444933,217.67180616740086
533,237.95154185022025,217.73127753303967
534,238.28193832599118,217.7907488986784
535,238.6123348017621,217.85022026431722
536,238.6123348017621,217.85022026431722
537,238.9427312775331,217.90969162995594
538,239.27312775330395,217.9691629955947
539,239.60352422907488,218.0286343612335
540,239.93392070484578,218.08810572687221
541,240.26431718061673,218.147577092511
542,240.59471365638768,218.20704845814979
543,240.59471365638768,218.20704845814979
544,240.9251101321586,218.26651982378854
545,241.25550660792953,218.32599118942736
546,241.58590308370043,218.38546255506608
547,241.91629955947135,218.44493392070487
548,242.24669603524228,218.50440528634363
549,242.57709251101323,218.56387665198238
550,242.57709251101323,218.56387665198238
551,242.90748898678416,218.62334801762114
552,243.23788546255508,218.68281938325993
553,243.568281938326,218.7422907488987
554,243.8986784140969,218.80176211453744
555,244.22907488986783,218.86123348017617
556,244.55947136563876,218.92070484581498
557,244.55947136563876,218.92070484581498
558,244.8898678414097,218.98017621145374
559,245.22026431718064,219.0396475770925
560,245.55066079295153,219.09911894273125
561,245.8810572687225,219.15859030837007
562,246.2114537444934,219.21806167400882
563,246.5418502202643,219.27753303964758
564,246.5418502202643,219.27753303964758
565,246.8722466960352,219.3370044052863
566,247.20264317180616,219.39647577092515
567,247.53303964757708,219.45594713656388
568,247.863436123348,219.51541850220264
569,248.19383259911893,219.5748898678414
570,248.52422907488986,219.63436123348018
571,248.52422907488986,219.63436123348018
572,248.8546255506608,219.69383259911896
573,249.18502202643174,219.75330396475772
574,249.51541850220264,219.81277533039648
575,249.8458149779736,219.87224669603523
576,250.17621145374446,219.931718061674
577,250.5066079295154,219.99118942731278
578,250.5066079295154,219.99118942731278
579,250.8370044052863,220.05066079295153
580,251.16740088105723,220.11013215859032
581,251.4977973568282,220.16960352422907
582,251.82819383259914,220.22907488986786
583,252.15859030837,220.2885462555066
584,252.48898678414096,220.34801762114537
585,252.48898678414096,220.34801762114537
586,252.81938325991192,220.40748898678413
587,253.1497797356828,220.46696035242292
588,253.48017621145374,220.52643171806167
589,253.8105726872247,220.58590308370046
590,254.1409691629956,220.6453744493392
591,254.4713656387665,220.704845814978
592,254.4713656387665,220.704845814978
593,254.80176211453747,220.76431718061676
594,255.13215859030836,220.82378854625554
595,255.46255506607932,220.8832599118943
596,255.79295154185021,220.94273127753303
597,256.1233480176212,221.0022026431718
598,256.45374449339204,221.06167400881054
599,256.45374449339204,221.06167400881054
600,256.784140969163,221.12114537444936
601,257.11453744493394,221.1806167400881
602,257.44493392070484,221.24008810572687
603,257.7753303964758,221.29955947136563
604,258.1057268722467,221.3590308370044
605,258.43612334801765,221.41850220264317
606,258.43612334801765,221.41850220264317
607,258.76651982378854,221.47797356828195
608,259.0969162995595,221.5374449339207
609,259.4273127753304,221.59691629955944
610,259.75770925110135,221.65638766519822
611,260.08810572687224,221.715859030837
612,260.41850220264314,221.77533039647577
613,260.7488986784141,221.83480176211452
614,260.7488986784141,221.83480176211452
615,261.07929515418505,221.8942731277533
616,261.40969162995594,221.95374449339204
617,261.74008810572684,222.01321585903082
618,262.0704845814978,222.0726872246696
619,262.40088105726875,222.13215859030836
620,262.73127753303964,222.19162995594712
621,262.73127753303964,222.19162995594712
622,263.0616740088106,222.2511013215859
623,263.3920704845815,222.3105726872247
624,263.72246696035245,222.37004405286342
625,264.05286343612335,222.4295154185022
626,264.3832599118943,222.488986784141
627,264.7136563876652,222.54845814977972
628,265.04405286343615,222.6079295154185
629,265.04405286343615,222.6079295154185
630,265.37444933920705,222.6674008810573
631,265.70484581497794,222.72687224669602
632,266.0352422907489,222.7863436123348
633,266.36563876651985,222.8458149779736
634,266.69603524229075,222.90528634361232
635,267.02643171806164,222.9647577092511
636,267.3568281938326,223.02422907488986
637,267.3568281938326,223.02422907488986
638,267.68722466960355,223.08370044052865
639,268.01762114537445,223.1431718061674
640,268.34801762114535,223.20264317180616
641,268.6784140969163,223.26211453744494
642,269.00881057268725,223.3215859030837
643,269.33920704845815,223.3810572687225
644,269.66960352422905,223.44052863436121
645,270.0,223.5
