,X,Y
0,266.0,210.0
1,264.1842518522667,210.8384859354834
2,262.19148184835694,211.00839094281957
3,260.2431259494149,211.45995410679325
4,258.24977845735793,211.62294421664797
5,256.2812865194394,211.26933498267715
6,254.2890852813424,211.09288604693393
7,252.42802807096507,210.36044761286428
8,250.54178811100576,211.02535272899183
9,248.6477411062042,211.66768126144416
10,248.6477411062042,211.66768126144416
11,246.67115119207995,211.36257093487006
12,244.7077681686377,211.7435264483605
13,242.73165628691527,212.05171767295224
14,240.73693854814871,211.90645534937846
15,238.86938360879356,212.62216377359186
16,236.86938361052023,212.62224688109416
17,234.89404437604878,212.9353521489477
18,232.89786179590135,212.8118405838385
19,230.92932500357836,213.1652000286971
20,230.92932500357836,213.1652000286971
21,229.25582042040037,214.2603632174878
22,227.27945624709787,214.56693238502828
23,225.30987332767143,214.21945127258675
24,223.31031575638508,214.26151692498354
25,221.49040580218661,215.09093103060843
26,219.61419177313655,215.78362209969737
27,217.67290403266838,215.30257957693243
28,215.72449314315872,215.75390540783542
29,213.7646563483229,215.3551075422348
30,213.7646563483229,215.3551075422348
31,211.83714350624712,215.88867501091408
32,209.92834347402743,215.29161350905827
33,207.93302273548898,215.42834371917434
34,206.96201655756056,217.1768136223825
35,204.9928331338774,216.8270756577698
36,203.85016851805506,218.46851331292078
37,201.86861236452955,218.73950263083805
38,199.89216189246076,219.04551493689655
39,197.94079271338308,218.60715626303954
40,197.94079271338308,218.60715626303954
41,196.8463175336451,220.28111088636047
42,194.8919832443147,220.70605498332782
43,192.98152092694534,221.2977759766277
44,191.02639241529448,220.87650112225128
45,189.05961384033844,221.23951907923697
46,187.08075705568547,221.5295636031168
47,185.09918446605002,221.25869449818708
48,183.76366006216028,222.74744382786457
49,181.82187643658904,222.26840692796725
50,181.82187643658904,222.26840692796725
51,179.87132275077124,222.71038013840257
52,177.88883064077106,222.97443512091036
53,175.89987917607743,223.1843686129812
54,173.9033061216054,223.0673385392547
55,171.98644518232675,223.63799091984026
56,170.26125949859727,224.64978850664056
57,168.27137307280623,224.85066661010796
58,166.3358444043605,225.3543815827113
59,166.3358444043605,225.3543815827113
60,164.35366212556687,225.62075240250272
61,162.49876029338304,226.3686422292559
62,161.04159134610268,227.73855414579714
63,159.5397484557251,229.05933722133307
64,157.8047874164879,228.06439491530273
65,155.80520692791004,228.10535672310812
66,153.80539590491787,228.1328498553214
67,151.83864984322122,228.49604392025174
68,150.20166372978906,229.64507675896016
69,150.20166372978906,229.64507675896016
70,148.2206852164178,229.92025693550124
71,146.58913654045864,231.07699757971488
72,144.5895492291561,231.03637019390214
73,142.6095669625978,230.75411105035698
74,140.6095938300457,230.7437443213778
75,138.61341437791646,230.8673064308498
76,136.92315803507893,229.79817898498675
77,134.98248328025045,229.3146694235802
78,134.98248328025045,229.3146694235802
79,133.00236256996834,229.59595570606098
80,131.01603020427285,229.82937321395332
81,129.3775199451229,230.97623158823512
82,127.87923085386215,229.65141846971278
83,125.98054084163986,230.27988981948715
84,124.49050714518869,231.6139811145041
85,122.50166811705985,231.8249771338776
86,121.26594124408113,233.3975479893237
87,119.26691836001548,233.4600580603675
88,119.26691836001548,233.4600580603675
89,117.8853531725802,232.01393301983092
90,115.90080353682235,232.26205142546314
91,113.96046562674961,232.7469109873308
92,112.62685648892624,234.23737623936256
93,110.64008357792919,234.467013780127
94,108.64299881007103,234.3590673582829
95,106.64591404221288,234.25112093643884
96,104.64882927435472,234.14317451459476
97,102.65174450649657,234.03522809275057
98,102.0,234.0
