,X,Y
0,159.0,249.0
1,158.83001505223166,248.21172335292263
2,158.66003010761986,247.42344672048327
3,158.49004516618993,246.63517010279924
4,158.32006022796745,245.84689349998925
5,158.15007529297833,245.05861691217345
6,157.9800903612488,244.27034033947342
7,157.81010543280541,243.48206378201223
8,157.640120507675,242.69378723991443
9,157.47013558588475,241.9055107133061
10,157.3001506674622,241.11723420231485
11,157.13016575243518,240.3289577070699
12,156.96018084083192,239.540681227702
13,156.79019593268097,238.75240476434362
14,156.62021102801123,237.9641283171288
15,156.45022612685196,237.17585188619327
16,156.28024122923284,236.3875754716745
17,156.11025633518386,235.59929907371162
18,155.9402714447354,234.8110226924456
19,155.77028655791824,234.02274632801914
20,155.60030167476356,233.23446998057682
21,155.43031679530293,232.44619365026503
22,155.26033191956833,231.65791733723205
23,155.09034704759213,230.86964104162809
24,154.92036217940716,230.0813647636053
25,154.92036217940716,230.0813647636053
26,154.84868702527302,229.15413604571958
27,154.77701187319272,228.22690735440327
28,154.7053367231876,227.29967868993282
29,154.6336615752794,226.37245005258904
30,154.56198642949013,225.44522144265716
31,154.4903112858422,224.5179928604269
32,154.4186361443584,223.5907643061926
33,154.34696100506181,222.66353578025337
34,154.27528586797592,221.7363072829131
35,154.20361073312463,220.80907881448059
36,154.1319356005322,219.8818503752697
37,154.06026047022323,218.95462196559942
38,153.98858534222285,218.02739358579396
39,153.9169102165565,217.10016523618296
40,153.8452350932501,216.17293691710148
41,153.77355997232996,215.24570862889024
42,153.7018848538229,214.31848037189567
43,153.63020973775613,213.39125214647007
44,153.55853462415735,212.46402395297173
45,153.48685951305472,211.5367957917651
46,153.41518440447692,210.60956766322087
47,153.41518440447692,210.60956766322087
48,153.24519964538578,209.82129189110233
49,153.07521489114754,209.0330161414884
50,152.9052301418104,208.24474041460238
51,152.7352453974232,207.45646471067096
52,152.56526065803556,206.66818902992418
53,152.39527592369782,205.8799133725955
54,152.2252911944611,205.0916377389219
55,152.05530647037727,204.30336212914392
56,151.885321751499,203.5150865435058
57,151.71533703787972,202.72681098225544
58,151.54535232957375,201.93853544564462
59,151.37536762663618,201.1502599339289
60,151.205382929123,200.3619844473679
61,151.03539823709107,199.57370898622514
62,150.86541355059808,198.78543355076837
63,150.69542886970268,197.99715814126955
64,150.52544419446446,197.20888275800485
65,150.3554595249439,196.42060740125487
66,150.1854748612025,195.6323320713047
67,150.01549020330268,194.84405676844395
68,149.84550555130792,194.05578149296693
69,149.67552090528272,193.2675062451727
70,149.50553626529262,192.47923102536524
71,149.33555163140423,191.6909558338534
72,149.16556700368525,190.90268067095118
73,149.16556700368525,190.90268067095118
74,149.11176246473414,189.9742449888907
75,149.05795792831157,189.0458093504622
76,149.00415339445132,188.11737375624838
77,148.95034886318786,187.18893820684366
78,148.8965443345563,186.26050270285452
79,148.8427398085925,185.33206724489986
80,148.7889352853331,184.40363183361129
81,148.73513076481547,183.47519646963352
82,148.68132624707772,182.54676115362474
83,148.6275217321588,181.61832588625694
84,148.5737172200985,180.68989066821632
85,148.5199127109374,179.76145550020377
86,148.46610820471702,178.83302038293513
87,148.41230370147971,177.9045853171418
88,148.35849920126878,176.97615030357102
89,148.3046947041285,176.04771534298652
90,148.25089021010413,175.11928043616882
91,148.19708571924187,174.1908455839159
92,148.14328123158901,173.26241078704354
93,148.0894767471939,172.33397604638603
94,148.03567226610602,171.4055413627966
95,148.03567226610602,171.4055413627966
96,147.71247026579243,170.66675075641902
97,147.38926828081608,169.92796018510006
98,147.0660663113565,169.18916964925006
99,146.7428643575961,168.45037914928594
100,146.41966241972014,167.7115886856313
101,146.096460497917,166.97279825871672
102,145.7732585923781,166.23400786897963
103,145.52542733155494,165.46664204250445
104,145.27759608394263,164.69927625693438
105,145.02976484971288,163.93191051280098
106,144.78193362904054,163.1645448106458
107,144.5341024221038,162.39717915102054
108,144.28627122908426,161.62981353448734
109,144.0384400501669,160.86244796161904
110,143.79060888554025,160.09508243299942
111,143.54277773539647,159.3277169492235
112,143.29494659993142,158.56035151089765
113,143.12496231158778,157.77207792179163
114,143.10662906028477,156.84226727187442
115,143.0882958104619,155.9124566970246
116,143.0699625621451,154.98264619856016
117,143.05162931536108,154.05283577783416
118,143.03329607013725,153.1230254362359
119,143.01496282650174,152.19321517519228
120,143.01496282650174,152.19321517519228
121,142.99662958448346,151.26340499616913
122,142.97829634411207,150.3335949006727
123,142.95996310541813,149.40378489025105
124,142.94162986843298,148.47397496649572
125,142.92329663318893,147.54416513104331
126,142.90496339971915,146.61435538557728
127,142.88663016805782,145.68454573182962
128,142.86829693824006,144.75473617158283
129,142.84996371030206,143.8249267066719
130,142.83163048428105,142.89511733898638
131,142.81329726021545,141.96530807047253
132,142.79496403814477,141.03549890313565
133,142.77663081810977,140.1056898390425
134,142.75829760015245,139.1758808803238
135,142.73996438431612,138.24607202917693
136,142.72163117064554,137.31626328786874
137,142.70329795918676,136.38645465873844
138,142.68496474998744,135.45664614420085
139,142.66663154309674,134.52683774674955
140,142.64829833856544,133.59702946896041
141,142.629965136446,132.6672213134953
142,142.629965136446,132.6672213134953
143,142.61163193679272,131.73741328310587
144,142.5932987396617,130.80760538063768
145,142.57496554511096,129.8777976090345
146,142.55663235320057,128.94798997134293
147,142.53829916399275,128.01818247071716
148,142.5199659775519,127.08837511042421
149,142.50163279394474,126.15856789384927
150,142.4832996132405,125.22876082450152
151,142.46496643551092,124.29895390602029
152,142.44663326083045,123.36914714218149
153,142.42830008927638,122.43934053690462
154,142.40996692092895,121.50953409426009
155,142.39163375587157,120.57972781847707
156,142.3733005941909,119.6499217139519
157,142.35496743597713,118.72011578525695
158,142.33663428132405,117.7903100371502
159,142.31830113032933,116.86050447458543
160,142.29996798309472,115.93069910272303
161,142.28163483972628,115.00089392694174
162,142.2633017003346,114.07108895285114
163,142.24496856503515,113.14128418630499
164,142.2266354339484,112.21147963341564
165,142.2266354339484,112.21147963341564
166,142.20830230720026,111.28167530056952
167,142.18996918492243,110.35187119444375
168,142.17163606725262,109.42206732202402
169,142.15330295433503,108.49226369062397
170,142.13496984632076,107.56246030790598
171,142.1166367433682,106.63265718190374
172,142.09830364564354,105.70285432104663
173,142.07997055332135,104.77305173418611
174,142.061637466585,103.84324943062443
175,142.04330438562744,102.9134474201457
176,142.02497131065172,101.98364571304982
177,142.00663824187185,101.05384432018937
178,141.9883051795135,100.12404325300982
179,141.96997212381487,99.19424252359357
180,141.95163907502774,98.26444214470811
181,141.93330603341838,97.33464212985876
182,141.91497299926874,96.40484249334669
183,141.89663997287778,95.47504325033266
184,141.87830695456276,94.54524441690737
185,141.85997394466082,93.61544601016904
186,141.84164094353065,92.68564804830937
187,141.82330795155434,91.75585055070879
188,141.82330795155434,91.75585055070879
189,141.80497496913958,90.8260535380423
190,141.78664199672184,89.89625703239749
191,141.7683090347671,88.96646105740611
192,141.74997608377467,88.03666563839151
193,141.73164314428047,87.10687080253403
194,141.71331021686066,86.1770765790571
195,141.69497730213592,85.24728299943726
196,141.67664440077598,84.3174900976419
197,141.658311513505,83.38769791039918
198,141.63997864110766,82.45790647750559
199,141.62164578443608,81.52811584217741
200,141.60331294441772,80.59832605145422
201,141.58498012206465,79.66853715666348
202,141.566647318484,78.73874921395806
203,141.54831453489044,77.80896228494065
204,141.5299817726204,76.87917643739257
205,141.51164903314904,75.94939174612863
206,141.49331631811006,75.01960829400505
207,141.47498362931924,74.0898261731148
208,141.45665096880265,73.16004548621342
209,141.43831833883033,72.23026634843117
210,141.41998574195713,71.3004888893431
211,141.41998574195713,71.3004888893431
212,141.40165318107248,70.37071325549093
213,141.38332065946133,69.44093961348034
214,141.36498818087998,68.51116815381891
215,141.34665574965064,67.58139909571773
216,141.3283233707812,66.6516326931625
217,141.3099910501183,65.72186924267939
218,141.2916587945458,64.79210909339689
219,141.27332661224543,63.862352660269366
220,141.25499451304498,62.93260044173458
221,141.23666250889156,62.00285304371732
222,141.21833061450823,61.07311121292818
223,141.19999884832606,60.14337588413922
224,141.18166723384343,59.213648249121654
225,141.1633358016709,58.28392986035777
226,141.14500459272347,57.35422279293783
227,141.12667366342976,56.42452990876363
228,141.0,50.0
