,X,Y
0,96.0,176.0
1,97.52269614936444,174.70331328505665
2,99.25331090628629,175.70579648348155
3,101.06108251092826,176.5613441592135
4,102.33781658958799,178.1008083817237
5,104.13158825617381,178.9853326652535
6,105.6108576202227,177.63931552249994
7,107.60116116692194,177.83601781530922
8,109.38643003433907,176.9344552434202
9,111.37459901003882,176.71723617412613
10,112.99810032641284,177.88524451131036
11,112.99810032641284,177.88524451131036
12,114.99478034511702,178.00043523536146
13,116.97786901640092,177.74089849070788
14,118.45097978047295,176.38814401306786
15,119.92011566731111,177.74521429348977
16,120.12492432956498,179.7347000089112
17,122.04301528249152,180.3012042863014
18,122.14194740842055,182.29875589626272
19,124.02117482029632,182.98322966088392
20,125.742803490011,181.96539140083644
21,127.66294799757662,182.52489570829584
22,127.66294799757662,182.52489570829584
23,129.62911190396443,182.1585632183121
24,131.54577552810855,182.72987797558937
25,133.46243915225267,183.30119273286664
26,135.15213420322908,184.37120704805398
27,136.7901825731522,183.22368905787164
28,138.71618762024406,183.7626738058717
29,140.3378949013375,182.5921758372923
30,141.4347850904282,180.91980269918088
31,143.33115313540742,181.5552460388909
32,145.2309176161562,182.1804619357498
33,145.2309176161562,182.1804619357498
34,146.58194049503078,183.65516094936493
35,145.4139599098715,185.27868223123676
36,146.53233395280853,186.9367653112073
37,148.39474606303423,187.66575168397753
38,150.24682863738968,188.42059613005154
39,151.96935559092952,189.4369134497548
40,153.83951377751038,190.1457916883577
41,155.7798077636424,189.6607563830654
42,157.73807446892573,190.06719396865367
43,159.6538035191682,190.64163474545933
44,159.6538035191682,190.64163474545933
45,161.37165862212527,189.61744050350887
46,163.35670203920353,189.86157700695378
47,164.96914588537226,191.04480346159073
48,166.87741633614434,191.64355540247277
49,168.77512488256895,192.27498415762022
50,168.79016467982302,194.27492760794541
51,170.74163312038348,194.71284418161758
52,172.73323255478948,194.529727571575
53,174.64730596999544,195.10966115501503
54,176.1888320520804,196.38390498499882
55,176.1888320520804,196.38390498499882
56,178.02452795442395,195.59004066780153
57,179.33540996064306,194.07954791185364
58,181.08408166069427,193.10890519414545
59,181.12599345916743,191.109344392082
60,183.12462297393125,191.18337183776987
61,184.88101122925315,190.22676308986536
62,185.88906967889835,188.49938989275392
63,187.8703596222619,188.77231874855067
64,189.65885438232573,187.87717267487108
65,191.56241513582683,188.4907331508881
66,193.38440762737872,189.3155624427592
67,193.38440762737872,189.3155624427592
68,194.39806947155063,191.03965341068113
69,196.0724012169764,192.13355158064928
70,197.96865953660352,192.76932228243163
71,198.10687215215313,194.76454088521757
72,199.95954571843293,195.51793364919138
73,201.6169693614549,196.63728474136565
74,203.56565464755982,197.08742433717782
75,205.36843379315297,196.22140623562666
76,207.33215730567605,195.8422097610071
77,209.1477889099894,195.00347149586207
78,210.1164125964388,196.75326238452544
79,210.1164125964388,196.75326238452544
80,212.11378726467666,196.6508200364367
81,213.70935836537427,197.85670264374914
82,215.1781593262495,199.21413541826576
83,217.0005560365566,200.03807123509978
84,218.83153690308626,200.8427507156398
85,220.4422903086084,199.65722405351914
86,221.84942462956434,201.07848159625644
87,223.65525231874807,201.938124753024
88,224.65701568738388,203.66915628169681
89,224.94499661699643,205.64831443206765
90,226.79723960160158,206.402765176637
91,226.79723960160158,206.402765176637
92,227.8231138839124,208.11961751650006
93,229.594317429888,209.04850825212145
94,231.57721297731865,209.309516389887
95,233.48115521197127,209.92189206470277
96,235.34729116302918,210.64129223996633
97,236.66493645503687,212.14588882525084
98,238.6394319207331,211.8275059489132
99,240.50390846354793,212.5511959525012
100,241.3236089196261,214.37550161831086
101,242.38580061806528,213.35262246242598
102,244.10569452851013,214.3733893000607
103,246.1001192374004,214.52262093399975
104,246.1001192374004,214.52262093399975
105,247.84476151101143,215.5004876616929
106,249.71206576758112,216.21684986993432
107,251.71147848507854,216.1683856036185
108,253.54999862752078,216.95568712516797
109,255.388518769963,217.74298864671744
110,257.2270389124053,218.5302901682669
111,259.06555905484765,219.31759168981637
112,261.01585131811817,218.87446632625984
113,262.9483590571042,218.35928302028105
114,264.5101610410113,219.60859265486465
115,266.07196302491843,220.85790228944825
116,267.97983240732765,221.45793097181706
117,269.22415027362877,223.02371290031272
118,270.0,224.0
