,X,Y
0,266.0,210.0
1,265.6833724594771,210.04633573763752
2,265.05011737843125,210.1390072129125
3,264.1002347568625,210.278014425825
4,262.83372459477084,210.46335737637497
5,261.25058689215626,210.6950360645625
6,259.35082164901877,210.9730504903875
7,257.13442886535836,211.29740065384996
8,254.6805654263058,211.65650262054058
9,251.91007444673033,212.06194032486871
10,251.91007444673033,212.06194032486871
11,248.9812696968934,212.49054589801557
12,246.05246494705648,212.91915147116242
13,243.12366019721952,213.34775704430925
14,240.1948554473826,213.77636261745607
15,237.26605069754567,214.2049681906029
16,237.26605069754567,214.2049681906029
17,234.3372459477087,214.63357376374972
18,231.40844119787178,215.06217933689655
19,228.47963644803485,215.49078491004337
20,225.5508316981979,215.9193904831902
21,222.6220269483609,216.347996056337
22,222.6220269483609,216.347996056337
23,219.69322219852393,216.77660162948376
24,216.76441744868697,217.20520720263056
25,213.83561269885,217.63381277577736
26,210.90680794901303,218.06241834892415
27,207.97800319917604,218.4910239220709
28,207.97800319917604,218.4910239220709
29,205.0491984493391,218.91962949521766
30,202.12039369950213,219.3482350683644
31,199.19158894966515,219.77684064151111
32,196.26278419982816,220.20544621465785
33,193.3339794499912,220.63405178780457
34,190.40517470015425,221.06265736095128
35,190.40517470015425,221.06265736095128
36,187.47636995031726,221.49126293409796
37,184.54756520048028,221.91986850724464
38,181.61876045064332,222.34847408039133
39,178.68995570080637,222.77707965353798
40,175.76115095096938,223.20568522668464
41,172.8323462011324,223.63429079983126
42,172.8323462011324,223.63429079983126
43,169.90354145129544,224.0628963729779
44,166.97473670145848,224.49150194612452
45,164.0459319516215,224.92010751927108
46,161.1171272017845,225.34871309241765
47,158.18832245194753,225.77731866556422
48,155.25951770211054,226.20592423871076
49,155.25951770211054,226.20592423871076
50,152.33071295227356,226.6345298118573
51,149.40190820243657,227.06313538500382
52,146.47310345259956,227.49174095815033
53,143.54429870276255,227.9203465312968
54,140.61549395292553,228.34895210444327
55,137.68668920308852,228.7775576775897
56,137.68668920308852,228.7775576775897
57,134.7578844532515,229.20616325073613
58,131.8290797034145,229.63476882388252
59,128.90027495357748,230.06337439702892
60,126.20894085913265,230.45722816694723
61,123.83423430521076,230.80474619922808
62,121.77615529181176,231.10592849387146
63,119.95554693380497,231.37235898528672
64,119.95554693380497,231.37235898528672
65,118.37240923119035,231.6040376734739
66,116.9475852988372,231.81254849284238
67,115.68107513674549,231.9978914433921
68,114.57287874491527,232.16006652512309
69,113.62299612334651,232.2990737380354
70,112.8314272720392,232.41491308212892
71,112.11901530586262,232.51916849181313
72,111.48576022481677,232.61183996708797
73,110.93166202890166,232.69292750795347
74,110.45672071811725,232.7624311144096
75,110.0609362924636,232.82035078645634
76,109.66515186680994,232.8782704585031
77,109.348524326287,232.9246061961405
78,109.03189678576408,232.9709419337779
79,108.79442613037187,233.00569373700597
80,102.0,234.0
