,X,Y
0,141.0,49.5
1,141.25052424157485,49.797774442946604
2,141.50104843988234,50.09554884245722
3,141.75157238434718,50.39332298889967
4,142.0020955444722,50.691096359377724
5,142.25261693382885,50.988867992003705
6,142.25261693382885,50.988867992003705
7,142.50313498966133,51.28663637992871
8,142.7536474671272,51.58439938357143
9,143.00415134722252,51.882154159571094
10,143.25464275750602,52.17989710507642
11,143.50511690476213,52.47762381605862
12,143.50511690476213,52.47762381605862
13,143.7555680187885,52.77532905841292
14,144.00598930653987,53.07300675068776
15,144.25637291588728,53.370649957346686
16,144.506709908296,53.66825089153682
17,144.75699023975355,53.96580092639775
18,144.75699023975355,53.96580092639775
19,145.00720274932164,54.263290614008284
20,145.25733515471106,54.56070971112341
21,145.50737405430726,54.85804721090694
22,145.7573049351156,55.15529137992199
23,146.00711218611093,55.452429799685795
24,146.00711218611093,55.452429799685795
25,146.25677911651158,55.749449412145864
26,146.5062879785181,56.046336568476136
27,146.75561999408987,56.34307708063791
28,147.0047553853508,56.63965627518837
29,147.2536734082355,56.93605904885614
30,147.2536734082355,56.93605904885614
31,147.50235238902178,57.232269925444825
32,147.7507697634017,57.52827311365446
33,147.99890211777497,57.82405256544729
34,148.2467252324587,58.11959203461182
35,148.49421412653484,58.41487513521243
36,148.49421412653484,58.41487513521243
37,148.7413431040698,58.70988539963609
38,148.98808580145257,59.00460633597417
39,149.23441523562653,59.299021484504436
40,149.48030385299245,59.59311447305873
41,149.7257235787848,59.88686907108596
42,149.7257235787848,59.88686907108596
43,149.97064586672772,60.180269242237365
44,150.21504174880153,60.47329919532584
45,150.45888188495616,60.765943433524036
46,150.70213661261656,61.05818680168447
47,150.9447759958498,61.35001453168388
48,150.9447759958498,61.35001453168388
49,151.18676987406155,61.64141228570554
50,151.42808791010253,61.93236619738694
51,151.66869963768406,62.22286291077793
52,151.90857450799996,62.51288961706087
53,152.1476819354692,62.802434089000364
54,152.1476819354692,62.802434089000364
55,152.38599134251385,63.09148471309647
56,152.62347220330645,63.38003051942964
57,152.86009408641726,63.6680612091907
58,153.09582669630663,63.9555671799007
59,153.33063991360635,64.24253954832892
60,153.33063991360635,64.24253954832892
61,153.56450383415375,64.52897017113072
62,153.79738880673324,64.81485166322763
63,154.0292654694938,65.10017741395953
64,154.26010478501732,65.38494160104695
65,154.4898780740148,65.66913920240323
66,154.4898780740148,65.66913920240323
67,154.71855704762868,65.9527660058405
68,154.9461138383334,66.23581861672038
69,155.17252102942263,66.51829446360148
70,155.39775168307818,66.80019180193916
71,155.6217793670171,67.08150971589525
72,155.6217793670171,67.08150971589525
73,155.84457817972233,67.36224811832058
74,156.06612277425916,67.64240774897128
75,156.28638838068764,67.92199017102492
76,156.50535082707626,68.20099776596052
77,156.72298655913735,68.47943372687216
78,156.72298655913735,68.47943372687216
79,156.9392726584955,68.75730205028283
80,157.15418685960333,69.03460752652619
81,157.36770756533187,69.31135572876742
82,157.57981386125087,69.58755300073246
83,157.7904855286219,69.86320644321161
84,157.99970305613203,70.13832389941125
85,157.99970305613203,70.13832389941125
86,158.20744765039143,70.41291393921902
87,158.41370124522288,70.68698584245341
88,158.61844650976738,70.9605495811615
89,158.82166685544155,71.2336158010366
90,159.02334644176943,71.50619580201773
91,159.22347018112558,71.7783015181384
92,159.22347018112558,71.7783015181384
93,159.4220237424133,72.04994549668618
94,159.61899355371497,72.32114087673769
95,159.81436680394762,72.59190136712992
96,160.00813144354726,72.86224122392606
97,160.20027618422455,73.1321752274363
98,160.39079049782097,73.40171865885047
99,160.39079049782097,73.40171865885047
100,160.57966461429274,73.67088727653574
101,160.76688951886467,73.9396972920559
102,160.95245694838076,74.20816534596362
103,161.13635938688424,74.4763084834145
104,161.31859006046218,74.7441441296543
105,161.49914293138545,75.01169006542519
106,161.49914293138545,75.01169006542519
107,161.67801269157565,75.27896440233569
108,161.85519475543356,75.54598555824087
109,162.03068525205418,75.81277223266979
110,162.20448101686762,76.07934338234578
111,162.3765795827321,76.34571819683512
112,162.54697917050652,76.61191607435985
113,162.54697917050652,76.61191607435985
114,162.7156786791383,76.87795659781244
115,162.8826776752938,77.1438595110045
116,163.04797638255462,77.409644695179
117,163.21157567021655,77.6753321458195
118,163.37347704171438,77.94094194978283
119,163.53368262269663,78.2064942627799
120,163.53368262269663,78.2064942627799
121,163.69219514878284,78.4720092872335
122,163.84901795302525,78.73750725053355
123,164.00415495309989,79.00300838371217
124,164.15761063825568,79.26853290056077
125,164.3093900560374,79.53410097720345
126,164.45949879881496,79.79973273214958
127,164.45949879881496,79.79973273214958
128,164.60794299013745,80.06544820683821
129,164.7547292709297,80.33126734668738
130,164.8998647855601,80.59720998266602
131,165.04335716779812,80.86329581339628
132,165.18521452667474,81.12954438779744
133,165.32544543227553,81.39597508828217
134,165.4640589014793,81.66260711451318
135,165.4640589014793,81.66260711451318
136,165.60106438365747,81.92945946772325
137,165.73647174635863,82.19655093561023
138,165.87029126098935,82.46390007780734
139,166.00253358850918,82.73152521193306
140,166.1332097651561,82.99944440022566
141,166.2623311882137,83.26767543675932
142,166.38990960183858,83.53623583524706
143,166.38990960183858,83.53623583524706
144,166.51595708296023,83.80514281742808
145,166.64048602726132,84.07441330203658
146,166.76350913525891,84.34406389435381
147,166.88503939849346,84.61411087633881
148,167.0050900858344,84.88457019733157
149,167.1236747299188,85.15545746532962
150,167.24080711373037,85.42678793882959
151,167.24080711373037,85.42678793882959
152,167.35650125732408,85.69857651922712
153,167.4707714047131,85.97083774377339
154,167.5836320109207,86.24358577907658
155,167.69509772920586,86.5168344151439
156,167.80518339847336,86.79059705995594
157,167.9139040308685,87.06488673456323
158,168.02127479957016,87.33971606869842
159,168.02127479957016,87.33971606869842
160,168.12731102678435,87.61509729689482
161,168.23202817194166,87.89104225509864
162,168.33544182010843,88.16756237776917
163,168.43756767061453,88.44466869545455
164,168.53842152589732,88.72237183283119
165,168.63801928057356,89.00068200719917
166,168.73637691073748,89.27960902742068
167,168.73637691073748,89.27960902742068
168,168.83351046348602,89.55916229328902
169,168.92943604668133,89.83935079531966
170,169.02416981894473,90.1201831149488
171,169.1177279798905,90.4016674251304
172,169.2101267605945,90.68381149131599
173,169.30138241430635,90.96662267280931
174,169.3915112073992,91.25010792448064
175,169.3915112073992,91.25010792448064
176,169.48052941056412,91.53427379883105
177,169.56845329024222,91.81912644839069
178,169.655299100301,92.10467162844326
179,169.74108307395338,92.39091470006197
180,169.8258214159146,92.67786063344386
181,169.90953029480218,92.96551401153263
182,169.99222583577588,93.25387903391679
183,169.99222583577588,93.25387903391679
184,170.07392411341246,93.54295952098897
185,170.1546411448229,93.83275891835885
186,170.2343928830022,94.12328030150346
187,170.3131952104107,94.41452638064345
188,170.39106393279474,94.70649950583858
189,170.46801477322987,94.99920167228262
190,170.5440633663946,95.29263452579262
191,170.5440633663946,95.29263452579262
192,170.6192252530719,95.58679936847973
193,170.69351587486932,95.88169716458769
194,170.7669505691612,96.17732854649078
195,170.83954456425099,96.47369382084136
196,170.91131297474152,96.77079297485051
197,170.98227079712362,97.06862568269885
198,171.05243290556928,97.36719131206232
199,171.05243290556928,97.36719131206232
200,171.12181404792994,97.66648893074291
201,171.19042884193811,97.96651731339773
202,171.25829177160824,98.26727494835337
203,171.32541718382737,98.56876004449623
204,171.39181928514537,98.87097053823383
205,171.4575121387462,99.17390410051141
206,171.4575121387462,99.17390410051141
207,171.52250966160565,99.47755814387993
208,171.58682562183253,99.78192982960627
209,171.65047363618143,100.08701607481474
210,171.71346716774204,100.39281355965376
211,171.7758195237994,100.69931873448182
212,171.83754385385333,101.00652782705842
213,171.83754385385333,101.00652782705842
214,171.974604509115,101.80118956823354
215,172.1116651597648,102.59585128266954
216,172.1116651597648,102.59585128266954
217,172.47744278218775,103.31451639873045
218,172.69315248021402,104.09152483004135
219,172.69315248021402,104.09152483004135
220,172.7971501537017,105.01568532568801
221,172.90114782261188,105.93984578065755
222,172.90114782261188,105.93984578065755
223,173.00514548688543,106.86400619442442
224,173.10914314646206,107.78816656645284
225,173.10914314646206,107.78816656645284
226,173.2131408012803,108.7123268961965
227,173.3171384512775,109.6364871830983
228,173.3171384512775,109.6364871830983
229,173.42113609638963,110.56064742659004
230,173.52513373655154,111.48480762609215
231,173.52513373655154,111.48480762609215
232,173.62913137169667,112.40896778101339
233,173.73312900175713,113.3331278907505
234,173.73312900175713,113.3331278907505
235,173.83712662666366,114.25728795468791
236,173.94112424634557,115.18144797219736
237,173.94112424634557,115.18144797219736
238,174.04512186073066,116.1056079426376
239,174.1491194697453,117.02976786535399
240,174.1491194697453,117.02976786535399
241,174.25311707331426,117.95392773967814
242,174.35711467136073,118.8780875649275
243,174.35711467136073,118.8780875649275
244,174.46111226380629,119.802247340405
245,174.5651098505708,120.72640706539862
246,174.5651098505708,120.72640706539862
247,174.66910743157237,121.65056673918092
248,174.7731050067274,122.57472636100864
249,174.7731050067274,122.57472636100864
250,174.8771025759504,123.49888593012224
251,174.981100139154,124.42304544574536
252,174.981100139154,124.42304544574536
253,175.0850976962489,125.34720490708439
254,175.1890952471438,126.27136431332792
255,175.1890952471438,126.27136431332792
256,175.29309279174532,127.19552366364621
257,175.39709032995796,128.11968295719063
258,175.39709032995796,128.11968295719063
259,175.50108786168403,129.0438421930931
260,175.6050853868236,129.96800137046546
261,175.6050853868236,129.96800137046546
262,175.70908290527436,130.89216048839887
263,175.81308041693165,131.81631954596318
264,175.81308041693165,131.81631954596318
265,175.91707792168836,132.74047854220618
266,176.02107541943474,133.664637476153
267,176.02107541943474,133.664637476153
268,176.12507291005846,134.5887963468053
269,176.22907039344446,135.5129551531406
270,176.22907039344446,135.5129551531406
271,176.33306786947486,136.4371138941114
272,176.43706533802887,137.3612725686444
273,176.43706533802887,137.3612725686444
274,176.54106279898272,138.28543117563967
275,176.64506025220953,139.20958971396968
276,176.64506025220953,139.20958971396968
277,176.74905769757922,140.13374818247848
278,176.8530551349584,141.0579065799807
279,176.8530551349584,141.0579065799807
280,176.95705256421022,141.9820649052605
281,177.06104998519433,142.9062231570705
282,177.06104998519433,142.9062231570705
283,177.16504739776673,143.8303813341308
284,177.26904480177953,144.7545394351277
285,177.26904480177953,144.7545394351277
286,177.37304219708102,145.67869745871255
287,177.47703958351534,146.6028554035006
288,177.47703958351534,146.6028554035006
289,177.58103696092243,147.5270132680695
290,177.68503432913786,148.45117105095815
291,177.68503432913786,148.45117105095815
292,177.7890316879927,149.37532875066506
293,177.89302903731326,150.29948636564703
294,177.89302903731326,150.29948636564703
295,177.997026376921,151.22364389431746
296,178.10102370663233,152.1478013350448
297,178.10102370663233,152.1478013350448
298,178.20502102625838,153.07195868615074
299,178.30901833560483,153.99611594590854
300,178.30901833560483,153.99611594590854
301,178.41301563447172,154.92027311254105
302,178.51701292265312,155.84443018421874
303,178.51701292265312,155.84443018421874
304,178.62101019993707,156.76858715905757
305,178.72500746610515,157.692744035117
306,178.72500746610515,157.692744035117
307,178.82900472093237,158.61690081039742
308,178.93300196418681,159.541057482838
309,180.0,162.0
310,180.03461538461542,162.33461538461543
311,180.0692307692308,162.66923076923078
312,180.1038461538462,163.00384615384618
313,180.1384615384616,163.33846153846162
314,180.17307692307685,163.6730769230769
315,180.2076923076923,164.00769230769225
316,180.2423076923077,164.3423076923077
317,180.2423076923077,164.3423076923077
318,180.27692307692308,164.6769230769231
319,180.3115384615385,165.01153846153846
320,180.3461538461539,165.3461538461539
321,180.3807692307693,165.6807692307693
322,180.4153846153845,166.01538461538453
323,180.44999999999996,166.34999999999997
324,180.48461538461535,166.68461538461537
325,180.48461538461535,166.68461538461537
326,180.51923076923075,167.01923076923075
327,180.55384615384617,167.35384615384615
328,180.5884615384616,167.68846153846155
329,180.62307692307698,168.02307692307696
330,180.65769230769237,168.35769230769233
331,180.69230769230776,168.69230769230776
332,180.72692307692304,169.02692307692297
333,180.72692307692304,169.02692307692297
334,180.76153846153838,169.36153846153843
335,180.79615384615383,169.69615384615383
336,180.83076923076922,170.03076923076927
337,180.86538461538464,170.3653846153846
338,180.9,170.70000000000007
339,180.93461538461543,171.0346153846154
340,180.96923076923068,171.36923076923065
341,180.96923076923068,171.36923076923065
342,181.0038461538461,171.70384615384611
343,181.03846153846146,172.03846153846152
344,181.07307692307688,172.37307692307692
345,181.10769230769228,172.7076923076923
346,181.14230769230767,173.04230769230767
347,181.1769230769231,173.37692307692308
348,181.21153846153854,173.7115384615385
349,181.21153846153854,173.7115384615385
350,181.246153846154,174.04615384615397
351,181.28076923076932,174.38076923076935
352,181.31538461538452,174.71538461538455
353,181.35000000000002,175.05000000000004
354,181.38461538461533,175.3846153846154
355,181.41923076923075,175.7192307692308
356,181.45384615384617,176.0538461538462
357,181.45384615384617,176.0538461538462
358,181.4884615384615,176.38846153846148
359,181.52307692307681,176.72307692307683
360,181.5576923076922,177.05769230769224
361,181.59230769230766,177.39230769230767
362,181.62692307692308,177.72692307692304
363,181.66153846153847,178.06153846153848
364,181.69615384615383,178.39615384615385
365,181.69615384615383,178.39615384615385
366,181.73076923076925,178.73076923076928
367,181.7653846153847,179.06538461538466
368,181.8000000000001,179.4000000000001
369,181.83461538461543,179.73461538461547
370,181.8692307692307,180.06923076923076
371,181.90384615384616,180.4038461538462
372,181.93846153846152,180.73846153846154
373,181.93846153846152,180.73846153846154
374,181.9730769230769,181.0730769230769
375,182.0076923076924,181.40769230769237
376,182.0423076923076,181.7423076923076
377,182.076923076923,182.07692307692304
378,182.11153846153837,182.4115384615384
379,182.14615384615382,182.74615384615382
380,182.18076923076927,183.08076923076922
381,182.18076923076927,183.08076923076922
382,182.21538461538464,183.41538461538462
383,182.25,183.75
384,182.2846153846154,184.08461538461538
385,182.31923076923084,184.4192307692309
386,182.3538461538462,184.75384615384624
387,182.38846153846163,185.08846153846164
388,182.42307692307696,185.4230769230769
389,182.42307692307696,185.4230769230769
390,182.4576923076923,185.75769230769234
391,182.49230769230772,186.09230769230768
392,182.52692307692305,186.4269230769231
393,182.5615384615385,186.76153846153844
394,182.59615384615375,187.09615384615378
395,182.63076923076915,187.4307692307691
396,182.66538461538457,187.76538461538453
397,182.66538461538457,187.76538461538453
398,182.7,188.10000000000002
399,182.73461538461535,188.4346153846154
400,182.76923076923077,188.76923076923077
401,182.8038461538462,189.10384615384618
402,182.83846153846153,189.43846153846155
403,182.873076923077,189.77307692307699
404,182.9076923076924,190.10769230769242
405,182.9076923076924,190.10769230769242
406,182.9423076923078,190.44230769230776
407,182.9769230769231,190.77692307692308
408,183.0115384615385,191.11153846153843
409,183.04615384615389,191.44615384615383
410,183.08076923076922,191.78076923076924
411,183.11538461538467,192.11538461538464
412,183.14999999999992,192.44999999999993
413,183.14999999999992,192.44999999999993
414,183.18461538461534,192.78461538461534
415,183.21923076923068,193.1192307692307
416,183.25384615384615,193.45384615384614
417,183.28846153846152,193.78846153846152
418,183.32307692307697,194.12307692307695
419,183.3576923076923,194.45769230769233
420,183.3923076923077,194.79230769230773
421,183.3923076923077,194.79230769230773
422,183.42692307692317,195.1269230769232
423,183.46153846153854,195.46153846153854
424,183.49615384615396,195.79615384615394
425,183.53076923076924,196.13076923076923
426,183.5653846153846,196.46538461538464
427,183.60000000000002,196.8
428,183.6346153846154,197.1346153846154
429,183.6346153846154,197.1346153846154
430,183.66923076923078,197.46923076923076
431,183.70384615384606,197.80384615384605
432,183.73846153846145,198.13846153846146
433,183.7730769230769,198.47307692307686
434,183.8076923076923,198.80769230769232
435,183.84230769230766,199.1423076923077
436,183.8769230769231,199.4769230769231
437,183.8769230769231,199.4769230769231
438,183.91153846153847,199.81153846153845
439,183.94615384615378,200.14615384615385
440,183.98076923076928,200.48076923076928
441,184.0153846153847,200.81538461538472
442,184.0500000000001,201.15000000000012
443,184.08461538461538,201.4846153846154
444,184.11923076923077,201.81923076923076
445,184.11923076923077,201.81923076923076
446,184.15384615384616,202.15384615384616
447,184.18846153846158,202.4884615384615
448,184.22307692307692,202.8230769230769
449,184.25769230769222,203.15769230769226
450,184.2923076923076,203.4923076923076
451,184.32692307692298,203.82692307692298
452,184.36153846153843,204.16153846153847
453,184.36153846153843,204.16153846153847
454,184.39615384615385,204.4961538461539
455,184.43076923076924,204.83076923076925
456,184.46538461538464,205.1653846153846
457,184.5,205.5
458,184.5346153846154,205.8346153846154
459,184.56923076923078,206.16923076923078
460,184.60384615384615,206.50384615384615
461,184.60384615384615,206.50384615384615
462,184.63846153846154,206.8384615384616
463,184.67307692307693,207.1730769230769
464,184.7076923076923,207.5076923076923
465,184.7423076923077,207.84230769230768
466,184.77692307692308,208.1769230769231
467,184.81153846153845,208.51153846153846
468,184.84615384615384,208.84615384615384
469,184.84615384615384,208.84615384615384
470,184.88076923076926,209.18076923076924
471,184.91538461538462,209.51538461538462
472,184.95,209.85
473,184.98461538461538,210.18461538461537
474,185.01923076923077,210.51923076923077
475,185.05384615384614,210.85384615384615
476,185.08846153846156,211.18846153846155
477,185.08846153846156,211.18846153846155
478,185.12307692307692,211.52307692307693
479,185.1576923076923,211.85769230769233
480,185.1923076923077,212.19230769230774
481,185.22692307692307,212.5269230769231
482,185.26153846153844,212.8615384615385
483,185.29615384615386,213.19615384615386
484,185.33076923076922,213.53076923076924
485,185.33076923076922,213.53076923076924
486,185.36538461538458,213.86538461538458
487,185.39999999999998,214.20000000000002
488,185.43461538461537,214.53461538461536
489,185.4692307692308,214.86923076923077
490,185.50384615384615,215.20384615384617
491,185.53846153846158,215.53846153846155
492,185.57307692307694,215.87307692307695
493,185.57307692307694,215.87307692307695
494,185.60769230769233,216.20769230769233
495,185.6423076923077,216.54230769230767
496,185.6769230769231,216.87692307692308
497,185.71153846153848,217.21153846153845
498,185.74615384615382,217.54615384615383
499,185.78076923076924,217.8807692307692
500,185.81538461538463,218.2153846153846
501,185.81538461538463,218.2153846153846
502,185.85,218.55
503,185.8846153846154,218.88461538461542
504,185.91923076923075,219.21923076923076
505,185.95384615384614,219.5538461538462
506,185.98846153846154,219.88846153846157
507,186.02307692307693,220.22307692307692
508,186.05769230769232,220.55769230769232
509,186.05769230769232,220.55769230769232
510,186.09230769230768,220.89230769230772
511,186.12692307692305,221.2269230769231
512,186.16153846153844,221.5615384615385
513,186.19615384615386,221.89615384615385
514,186.23076923076923,222.23076923076923
515,186.2653846153846,222.5653846153846
516,186.3,222.89999999999998
517,186.3,222.89999999999998
518,186.33461538461535,223.23461538461538
519,186.36923076923074,223.56923076923076
520,186.40384615384616,223.90384615384616
521,186.43846153846155,224.23846153846154
522,186.47307692307692,224.57307692307694
523,186.5076923076923,224.90769230769232
524,186.54230769230767,225.2423076923077
525,186.54230769230767,225.2423076923077
526,186.57692307692307,225.5769230769231
527,186.61153846153846,225.91153846153844
528,186.64615384615385,226.24615384615385
529,186.68076923076922,226.58076923076925
530,186.7153846153846,226.91538461538462
531,186.75,227.25
532,186.7846153846154,227.5846153846154
533,186.7846153846154,227.5846153846154
534,186.81923076923078,227.91923076923075
535,186.85384615384615,228.25384615384618
536,186.88846153846154,228.58846153846156
537,186.92307692307693,228.92307692307693
538,186.9576923076923,229.2576923076923
539,186.99230769230772,229.5923076923077
540,187.02692307692305,229.92692307692306
541,187.02692307692305,229.92692307692306
542,187.06153846153845,230.26153846153846
543,187.09615384615384,230.59615384615384
544,187.13076923076923,230.93076923076922
545,187.16538461538462,231.26538461538462
546,187.2,231.60000000000002
547,187.23461538461538,231.93461538461537
548,187.26923076923075,232.26923076923077
549,187.26923076923075,232.26923076923077
550,187.30384615384617,232.60384615384612
551,187.33846153846153,232.93846153846152
552,187.37307692307692,233.27307692307693
553,187.40769230769232,233.6076923076923
554,187.44230769230768,233.9423076923077
555,187.4769230769231,234.2769230769231
556,187.51153846153846,234.61153846153843
557,187.51153846153846,234.61153846153843
558,187.54615384615383,234.94615384615386
559,187.58076923076925,235.28076923076924
560,187.61538461538458,235.61538461538464
561,187.65,235.95
562,187.68461538461537,236.28461538461542
563,187.7192307692308,236.6192307692308
564,187.75384615384615,236.95384615384614
565,187.75384615384615,236.95384615384614
566,187.78846153846152,237.28846153846155
567,187.82307692307694,237.62307692307695
568,187.8576923076923,237.9576923076923
569,187.89230769230767,238.29230769230767
570,187.92692307692306,238.62692307692305
571,187.96153846153845,238.96153846153845
572,187.99615384615385,239.29615384615386
573,187.99615384615385,239.29615384615386
574,188.03076923076924,239.63076923076926
575,188.06538461538463,239.9653846153846
576,188.1,240.3
577,188.1346153846154,240.63461538461542
578,188.16923076923075,240.9692307692308
579,188.20384615384614,241.30384615384614
580,188.23846153846154,241.6384615384615
581,188.23846153846154,241.6384615384615
582,188.27307692307693,241.97307692307692
583,188.30769230769232,242.30769230769232
584,188.3423076923077,242.6423076923077
585,188.3769230769231,242.97692307692307
586,188.41153846153847,243.31153846153848
587,188.44615384615383,243.64615384615385
588,188.48076923076923,243.98076923076923
589,188.48076923076923,243.98076923076923
590,188.51538461538462,244.3153846153846
591,188.55,244.65000000000003
592,188.58461538461538,244.98461538461538
593,188.61923076923077,245.31923076923078
594,188.65384615384616,245.6538461538462
595,188.68846153846152,245.98846153846156
596,188.72307692307692,246.32307692307694
597,188.72307692307692,246.32307692307694
598,188.7576923076923,246.65769230769232
599,188.79230769230767,246.9923076923077
600,188.82692307692307,247.3269230769231
601,188.86153846153846,247.6615384615385
602,188.89615384615385,247.99615384615385
603,188.93076923076922,248.33076923076922
604,188.9653846153846,248.66538461538462
605,189.0,249.0
