,X,Y
0,96.0,176.0
1,96.30035215478335,176.1104019162741
2,96.85626436218482,176.427516434488
3,97.57345861235567,177.06566407220348
4,98.4162085461959,178.0290811931912
5,99.41916282295352,179.2757097339898
6,100.68530426691991,180.7190689560377
7,102.28948881865522,182.28246011757523
8,104.18196518624279,183.8852493108638
9,106.36465763193539,185.63906050010755
10,108.64068838076612,187.53148857810072
11,108.64068838076612,187.53148857810072
12,111.03105444501287,189.2772692283823
13,113.51402113283996,190.888627794047
14,116.0727379944469,192.37677026778005
15,118.6934512217149,193.75280158298423
16,121.36505559169713,195.027215209046
17,124.07868415078485,196.20950960694503
18,124.07868415078485,196.20950960694503
19,126.73131820089866,197.52295263813323
20,129.1880922866088,199.17397083663477
21,131.42128135997552,201.11676947843878
22,133.43158742841413,203.2893876020857
23,135.26280041790795,205.6149539819401
24,136.99502251003776,208.01516368601543
25,136.99502251003776,208.01516368601543
26,138.6282665276944,210.08931748426394
27,140.7365106100648,212.16703423328198
28,143.02962251950692,214.0387280572753
29,145.48061850869738,215.6983119391482
30,148.0445143683575,217.17751375797403
31,150.69806472818325,218.48910458131365
32,150.69806472818325,218.48910458131365
33,153.4215027119007,219.64862411493303
34,156.19976014364676,220.66984184046856
35,159.02085812827653,221.56594795088063
36,161.87482511701387,222.3511055320053
37,164.75445515058667,223.03618280483335
38,167.6537674599264,223.63249491515063
39,167.6537674599264,223.63249491515063
40,170.51789779799782,224.37972808260156
41,173.25490511069918,225.5068443011963
42,175.69892796899853,227.17668030155988
43,177.74385917962724,229.3167401941322
44,179.50610563365228,231.69499321584294
45,181.16892538938671,234.14379505754823
46,182.93449079219187,236.51958520156714
47,182.93449079219187,236.51958520156714
48,184.9853901962715,238.65392623203664
49,187.30825904841967,240.48855979101236
50,189.83739917560825,242.0264317678182
51,192.51871146635074,243.28029156839926
52,195.30889300595913,244.26846512402022
53,198.17458206263422,245.00969803643895
54,201.08905364888753,245.52685891365422
55,201.08905364888753,245.52685891365422
56,204.03250104799048,245.83945675228054
57,206.98967891133708,245.96868169001655
58,209.94945936754596,245.93263101673665
59,212.90369015110312,245.7479137260374
60,215.8465004319812,245.42937385293183
61,218.77369780949522,244.98992475112914
62,221.68263530530015,244.44249197397735
63,224.5715984550926,243.79790534741628
64,224.5715984550926,243.79790534741628
65,227.43991259730842,243.06689646815087
66,230.28669746115008,242.2560845670282
67,233.11220749936177,241.3739887536582
68,235.91664749825907,240.4270377028721
69,238.69993835815922,239.41961922517962
70,241.46300602285197,238.3579897793138
71,244.20634949199768,237.24638435907895
72,246.92987494705358,236.08707029651316
73,246.92987494705358,236.08707029651316
74,249.63359453131605,234.88228798851083
75,252.10079744847167,233.73716364348152
76,254.26414757735148,232.69797346845303
77,256.12823032037136,231.77515413230125
78,257.6972677559446,230.9778326627736
79,259.04604032211876,230.27696708027162
80,260.24754104251963,229.63978891140815
81,261.37372660768904,229.03142547331868
82,262.2856285890736,228.53139069818113
83,263.0548628642805,228.10398149162734
84,263.68251990466825,227.75121153875193
85,264.2391188904195,227.43530400629868
86,270.0,224.0
