,X,Y
0,159.0,249.0
1,158.97117296197183,248.6813010795774
2,158.9135188859155,248.0439032387322
3,158.827037771831,247.08780647746443
4,158.7117296197183,245.81301079577406
5,158.56759442957747,244.21951619366115
6,158.39463220140843,242.30732267112563
7,158.19284293521122,240.07643022816754
8,157.9694333904929,237.60651359489248
9,157.71719680774638,234.81789804119487
10,157.4505467059858,231.86993302728595
11,157.18389660422523,228.92196801337704
12,157.18389660422523,228.92196801337704
13,156.91724650246465,225.97400299946813
14,156.65059640070407,223.0260379855592
15,156.3839462989435,220.07807297165027
16,156.11729619718292,217.1301079577413
17,155.85064609542238,214.18214294383236
18,155.58399599366183,211.23417792992342
19,155.58399599366183,211.23417792992342
20,155.31734589190128,208.28621291601448
21,155.05069579014074,205.33824790210554
22,154.7840456883802,202.39028288819657
23,154.51739558661967,199.44231787428762
24,154.25074548485915,196.49435286037868
25,153.9913021426057,193.6260625765754
26,153.7606858383804,191.0764712131947
27,153.7606858383804,191.0764712131947
28,153.55889657218327,188.8455787702366
29,153.38593434401432,186.9333852477011
30,153.24179915387353,185.33989064558813
31,153.1264910017609,184.06509496389776
32,153.02559636866238,182.9496487424187
33,152.93190849507087,181.9138772510453
34,152.85263414049345,181.03745521988319
35,152.78056654542306,180.24070791882673
36,152.72291246936678,179.60331007798152
37,152.67246515281752,179.045586967242
38,152.62201783626824,178.48786385650249
39,152.57877727922602,178.0098154758686
40,152.54274348169082,177.6114418253404
41,152.51391644366268,177.29274290491782
42,152.48508940563454,176.9740439844952
43,152.46346912711343,176.7350197941783
44,152.44184884859231,176.49599560386136
45,152.42022857007123,176.25697141354442
46,152.40581505105717,176.09762195333315
47,152.39140153204312,175.93827249312184
48,152.37698801302906,175.77892303291054
49,152.36978125352204,175.6992483028049
50,152.362574494015,175.6195735726993
51,152.35536773450798,175.53989884259366
52,152.34816097500095,175.46022411248802
53,152.34095421549392,175.3805493823824
54,152.3337474559869,175.30087465227678
55,152.32654069647987,175.22119992217114
56,152.31933393697284,175.1415251920655
57,152.31933393697284,175.1415251920655
58,152.31933393697284,175.1415251920655
59,152.1870974509072,174.85012596119316
60,152.15096685565743,174.7787496339768
61,152.15096685565743,174.7787496339768
62,152.15096685565743,174.7787496339768
63,151.92960818133432,174.54766450398805
64,151.4676161718172,174.10476114755198
65,151.24577399977713,173.8741401365739
66,151.24577399977713,173.8741401365739
67,151.24577399977713,173.8741401365739
68,150.97366579039073,173.70574440508253
69,150.4156045066208,173.3924273076284
70,149.59822360804878,172.88895092620663
71,148.52804114965295,172.18673336323786
72,148.52804114965295,172.18673336323786
73,147.29649420855102,171.1653166354218
74,145.96061918019112,169.7862452418368
75,144.61514782235315,168.09647992522102
76,143.24387379000632,166.03008027166626
77,141.8809192942497,163.58419494269094
78,140.62021676989337,160.9060931624963
79,139.52440002326105,158.1564048787448
80,138.57986585738726,155.35114995102484
81,138.57986585738726,155.35114995102484
82,137.77150727841175,152.50366748263338
83,137.08510793087012,149.6243522974384
84,136.5097451186554,146.72081004110385
85,136.03402524245698,143.7992880748353
86,135.64620963796574,140.86480361297268
87,135.33637031614217,137.92106456294601
88,135.09648571058366,134.97080095167055
89,135.09648571058366,134.97080095167055
90,134.9205021463,132.01603703807237
91,134.80024253457628,129.0584810156464
92,134.72955181123444,126.09932525400873
93,134.70431700846984,123.13943282273199
94,134.7204112174026,120.1794765770353
95,134.7736990838407,117.219956277512
96,134.8600410975121,114.26121582646275
97,134.8600410975121,114.26121582646275
98,134.97529679380645,111.3034605755213
99,135.11739111004982,108.34687314990856
100,135.28218597470533,105.39146409994893
101,135.46760930329097,102.43727754706907
102,135.67159055119174,99.48431434877064
103,135.89412166557722,96.53269108298444
104,136.13313419774806,93.5823566935524
105,136.13313419774806,93.5823566935524
106,136.3865618722432,90.63322556493164
107,136.65234057888438,87.68518186120264
108,136.93046565433502,84.73827730855668
109,137.22093221862986,81.79256361319747
110,137.52167947298256,78.84788178165789
111,137.8327037528827,75.90426769395675
112,138.15400126859765,72.96175721710277
113,138.15400126859765,72.96175721710277
114,138.4676455735093,70.17937923235726
115,138.75232560340717,67.7157726727424
116,139.0047661684448,65.57057483545012
117,139.2331509683854,63.664206459937105
118,139.43648083000394,61.99655632655356
119,139.61375694261952,60.56751007821311
120,139.77310917740934,59.29746800597003
121,139.91409389553615,58.186376961431066
122,140.03626757206953,57.23418286737129
123,140.14886944202593,56.36141667939061
124,141.0,50.0
